5097 5541
4751 3005
3717 947
782 4872
2292 488 589
1249
4203 2951
98 4925
4447 2517
71
113 153
1192 2705
1943 1282
223 1367
1743 4465
5072 3716
4915 3718
4342 2012 807 5010 4635 3511 818 798 5014
1667 1069
3422
2187
3205
861 2467
2287
3192 3779
3896
3703 4878
209 1946
3383
1143 1914
459 169
1424 2572
2035 1858
1957 4424 3641 1663
1496
1464
4886 5074
1400 445
706 3688
4805 2580
4203 1500
1878 2709
4147 4271
2033 2493 3498 5068 3046
106 1269 1960 87 3103
1393 2417 2687
1446 4391
902 1729
1790 3665
4707 3991
3936 2194
2535 3914 3190 1865 3275 4010 499 3246
2491 245
2697 4428
73 4243
4193 2526
69 5017
4873 1566
3524
178 2830
3596 3728
2522 2674 1926 4084 2240 1634 1060 4645 318 3360 3438
3476 2941
948 3680
2449 2491
5018 3884
1537 4273
115
127 2210
2528 56
4796 2586
1915 431 3620 9 2459
4844 4314 3623 959 240 1898 789 4748 250 635 3675 3379 4281 3864 232 2410
2216 54
1232 4777
4761 3138
2417 2953 1006 141 2487 4686 2936 4801 4995 4632 1805 1207 1309
4184 1512
2947 4152
4319 2813
4865 3160
3983 1258
2230 405
2020
4180 571
3593 1535
535 3118
44 3658
2071
310 2494
5090 3115
1730 3977
3293
974 2377
3580 1130
2010 4854
3011 840
823 137
4224 7
2750 4462
3728 2444
2794
2677 2726
567 4095
1239 1110
2928 4551
4416 44 1547 2154
654 2666
4468 1774
1154 3669
114 838
144 1474
3525 2063
4403 10
942 2192 2233 387 1504 3779 1221 110 3685 4414 4538 838
4810 67
4479 3970 321 1412
4916 1051
328 3596
4529
1566 3837
1950 282
4283 2632
335 4816
138 2309
2474 905 3039 2848 3320
3906
2046 68
830
2388 4430
4252 4253
708 414
548 3657 3569 1123 4414
458
1180 1354
4844 3213
1118 4536 295 4838 3091 1890 307 4897 5066 4391 2349 2461
227 97
124
2172 4815
1695 4312
76 3887 3472 3236 1612 3223 201 1594 3083 366
2320 3635
3908 1120
4114 111
5008 4958
4480 1287
4725 1732
3746
755 4317
1696
4762 908
3397
10 2647
1452 542
3509
429 4489
3195 924
879 4069
3509 2736
3514 405
4153
2764 2612
5026 3101
1553 479 2256 3835 2558 3798 495 4239
3942
741
1097 1198
1151 2128
1573 4661 2197 4167 2317 30
1311 3074 4257 1872 207 1262 2588 683 4298 3905
3054 1526
2263 504 4204 830 416 3649 192 1285 1864
4764 492
4024 3114
4181 3152
2508
584 4203
1905 59
2446 3617
2462 2281
1460
3267 4681
1269 3964 3129 3097 2365
2156
3099 3190
2801 4320
2719 2670
4382 2327
4211 4263
1562 4695
3220 4523 2261
172 3679
4933
3328
1717
4649 1300
2693 3941
2455 4570
1104 1146
4794 2490
141 1204
3163 1477
1500 288
854 1250
3412 2469
2897 5041
3761 170
1364 3979
4322 27
4827 4385 4301
1455 4997
4026 3043
2505 1861
842 3680 1689 3860
2321 1005 481 4688 3058 2268
4638 1852
3695 3560
3861
803
4528 3707
2455
1453 4619 3283
13
4496 3627
2159 2326
1510
137
2858 992
2925 2817
4813 1528
2161 436
4457 72
2283 1451
1854 1579
1476 2112
1303 3302
3105
1567
2435 4075
72 4890
3459 1039 3964
373 1715
2634
2103 1867
1403 2522 2172 52
614
2081 3821
3691 2223
2147
3440 72
4938 801
2056 4130 2678 1337 2708
1713
1922 3631
3373 1006
1314
3633 4016
4706 1757
2479 3154
4062 1238
3972 2779
3283
4298 2810
3187 2999
4173 1495
1597 855
4045 2570
4946
1151 3865
4417 1918
3220
2132
4902
4290 2595
4358 752
2370 368
5040 3937
3863 418 4721 1259 1203 1451 2993 4380
4997 3098
1389
4169 5021
2213 3262 121 4226
2480 2465 2915 4168
916 3282
1393
2428 5018
2585 4483
203 3786
2249
3957 3317
2833 558
3374 4125
3613
3638 3486
136 1348 1890 685 3136 3422 2689 1853
4020 1186 1063 3669 1377 645 4808
1988 2657
4191 1993
2503 3869 3796 3638 2786 2913 2649
3590 4471
3912 421
3229 3869
3891 3093
2324 1031
2879 2054
1000
4356 136
686 1653
3960 3310
89
2436
1756 1267
3115
1765 993
1178
1995 3235
1188 4621
3735 61
3147 3871
3304
116 1622
4834 552
5003 1641
3387 4728
3766 1333
4251 5065
2620 976
1801 118
1338 622
3978 1703 3392
1857 2879 3056
732
2933
520 847
4334 123 2538 1888 982 2222 435
1598 2573
956
1860 2882
4616 850
3682
1932 4554
3001 5083
4625 2387
1633 2767
4274 4961
4726 1784
1622
1554
4832 3647
4717 2959
1809 2097
4931 2244 3228
2676
4221 1380
2421 1331
4891 1453
3403
4501 3430
2465
4098 2552
1451
401 503
1242 4393
3979 3931
717
3087 141
1194 2541
276 1796
1139 2426
4342 4807 1841
704 3400
714
2744 242
1754
2622
3501 1831
1140
2548 4208
2153
2297 4217
4799 2266
4341
1930 2457
2415 3829
2893 3402
3161
5083 114
3602 1042
479 2220 4478 2839 3074
2192 4583 1648
3427 923
1216 1403 1818
1312 3172
4103
1076 1589
2563 2842
1807 3179 1429 2142 4080 4298 1311 2365 442 2105
1566 4224 4409 483 4923 3982 4924
3409
1454 5001
3844 362
2916
1656
3742
3493 1943 160 4215 2189 3390 82 3110 2927 1812
4772 4854
1263 837
2235 1376 4334
4569 2746
439 2910
3800 1164
3004
3737 4987
131 4809
4669 1184
3242 172 920
3941 1476
690 278
2418
3090 1388
301 4738
4145
4433 2993
4771 2829
3033 5067
4711 3270
2932 2753
2354 4179 4864 2516
156 2321
1705 1431
4641 71
2487 2863
2091
4278 1857 1326 1205
3703 335
231
3681 4716
3903 927 3205
410
1950 2213
2029 712
3054 397 3199
4998
478
1043 1689 37
2457
4737 605
3683 3539
1126
2324
2580 553
4952 3347 1921 1862 2141
1376 4999
2722 1241
849 3037
4734 2771 566 4922 4615
4204 4809 1054 3452 3817 3923 2250 4475 5076
133 1566
1885 30
3124
4854 2594
814 807
633
2668 4332
4533 2025
2838
2704 4017
1157
2144 3105
3904 4875
4179 2601
2375 4913
761
3940 3350 1714 2984 4683
2577 2451
1943 1812
3515 5028
1813 4143 444 1418 3800 2327 1366
4710 164 389 3617 2558 1099 3554 4328 2912 1263 2587
1666 1273
526 215
4594 1645
398 694
4957 3307 3453
560
587 4025
1183
4 4655
1854
1920 2883 1952 1949
2427 557
173 702
4881
4826
164 976
2588 4304
3840 1128
3809 4880
4479 4275 1013 51 4690
4882 1725
641 4812
3608
362 3902
2263 172
611 3435
2638 4221
3721
1053 1001
2480
2826 2330
4705 1326
4831 4648
3271
1799 2977
3238 2645
3064 3605
2955 1094
3497 4214
1998 2274
1206 334
1393 1264
2309 2634
901 1967
4950
4498 2077
3289 481
3119 4391
2414 1070
4589
2309 1683 4904 3308
4514 1821
3097
4333
3760 842
1994 86
2871 2071
3455
1871 4292
2735 2471
1135 2607
3650
154 2860
4910 1541
1302
2591 4644
4218 2944
796 3070 4288 4425
132
4928 4991
4476
4314
322 4241
451
3536 4618
2629
3961
491 3498
985 2423 4444 2499 291
660 2392
3997 485
4031 4927
913 1245
4116 4435
2214 4468
1784 4283
4225 456 1143
4462 103
3150 4610
3583 3094
1355 4470
84 859
4020 1001
2115 4167
1183
3101 4902
2869 1071
4056 1006
3661 672
3369
3929 3367
1457 4314
4061 3280
909 4213
1273 177
4843 1811
4195 3496
2679 794 2845 2309 486 4596 2930
3341
2701 4
2625
4921 2980
2876 823 2013 2566
3745 2966
3712 4193
954 2860 4219 4524
4258
2114
4135 4044
2353
2459 2765
3508
3310 3188
1243 1184
4409
447 4138
4101 1229
2946
4631 2280
4517 4948
2282 4935
4055 505
1431
4074 3314
3347 246
4423 2926
2550 1574
1737 3427
2638
2592 2533
4013 3038
2451 4872
3013 329
3451 1628
3258
684 3731
1025 1674 3830
2984 1660
4499 2143
3842 3419
1507 1671
4872
1990 2427
3369 463
4998
72
2241
5029 3295
2849
3026
830 2348
2702 501
661 3630
3469 3170
4717
2251 296
1184 1217
2455
5084 1325
4646
3116
2599 1309 4686 2885 4063
4249
3170 4635
1716 107
2393 1210
1835
2073 2932
4318 856
2099
3123 559
642 1663
4614
3179 3060
3935
3541 1641
3578
1144 4413
2996 2730
2902
2022 4404
3481 4219 2860 4686 2226 1568 4545 4696 2748 3919 2858 4970
578 1278
1061 3875
4044 2483
4471 4955
1496 1624
1954 858
3515 2165
1921 2027
900 1437
874 3069
3471 1654
4069 170
625
295 907
3027 308
1496
3378 1847
1422 3517
3413 418
969 4100
731 1467
3254 2096
483
1323 1794
2026
2279
1250 2221
940 1838
3230
1107 2291
492 3528
1421
2228 371
3692 3913
38 4366
4945 2431
131 1310
1964
2470 1727
1531 1447
441 3345
1130 2345
2099 372
1016 4648 1628 2598
3992 1921
365 814
4414
3537
4542 1999
4690
1687
1931 2642
1205 4940
3991 4749
1789 4861
2879
1247 1509
3026 4030
3685
4870 692
332 4239
843
4176 3203
3642 2455
2447
1400 2921
2672
2372 1898
5060
2094 166
3415 4203
2747 2575
3702 3799
1348
2230 4415 2269
2335 2942
2227
1255
2845 1034
4902 4920 2293
275 978 4358
1619 4107
4327 3208
149
1085
4293
911
1199 5085
4926 3131
4838 473 4536 1023 1158 4313 4892
3749 2198
926 3498
1451 1775
1867 3113
2481 4284
2835 1347
2258 4240
4108
990 2226 4219
2457 2381 3702 1151
2162 4765
4511
1767 2956
957
2403
3884 5095
1481 936
3400 4729
1640 3274
1013 2800
3081 3
1211 4773
1969 3428
2493 1230
1397 1762
4824 2583
3306 1905
72
3572 3085
2527 2124
3916 2433
2780 2168
4534 587 3480
855 1322
3667 547
3576 4295
17
3899
3023 4741
251 3297
5019
1048 943 3611 3958 4793 4993 219 941 4476 4095
4747 1091
4963 1180
3889 4978
2421 17 3111 3590 4450 3961 3075 3787 462
3180 2644
3676
3705 3947
1228 3298
2862 1144
2455
717 462
1979 5014
2994 1034 1771 1244 1367 3026
2057
2050 17
871 3909
3914 1634 4226 2324 2864 4145 3221
4213 3532 3759 909
1669 4842
830 592 4863 97 2386
4581 3520
3821 1344
1023
4359
1975 1288
2804
823 172 128 1109 1869 640
3382
4984
1895 4250 3733 4374
3589 2623
1414 3294
5012 3423
407 2721
5094 1316 3266 110 4934 114
5035 3012
96 3826
3006 2399
534 2745 214 1689 4573 3845
733 3628
4785 3797
3292 1218
2320 3030
334 882
3664 1519
455
339 3695
2331 4482
2354 4699
4512 4111
204
266 795
658 2512
3819 1593
677 3215
3169 571
4709
1317 22
1222 3165
4320 4229
1614
3199 1491
2809 4702
4575 4157
2779 3790
2988 1006
4754 4098
2565 819
3979
3854 4767
681 1344
2270 993
4700
3208 3158
3396 2850
158 1271
4267 3032
3237
847 2146
3974
948 3510
1364
2791 1439
5073
4347 3330
1183 4754
4171 4119
1765
2166 1442 1677
3100
4121 2826
2004 2509
3161
2657
4708 4358
3524 2239
2597 680
523 4548
1674 47
1780 4083
3464
3461 125
4063 4163 3250
685 3771
1404 2110 4038 151 2776 4671 3964
583 821
3254 2383
758 1927
1197 4809
562
3484 2120
3730 929
284
970 1661
2361
1535
416 3824 2263
4437 1384
1744 3967
391 2009
5013 157
1160 4585
4855 763
438
1681 4096
915 3481
3277
2099 4797 2849 1070
1103 2903
3953 1106
4184 2534
2257 2392
778 3664
1378 2576 3645 1558
2385
1058 3206
4079 4805 699 5086
3811 803
4414 114
971 803
4786 2821
4559 1184
3454 2774 1656 3473
2487 2
63 884
1570 3167
1332 3558
1760 4215
4164
3128
595 3892
4979 3042
337 2971
1943 775
1939 4809
72 1730
4459 3802
4617 1705
3809 2804
3494 4854
2042 2592
4862 2984
2885 1310
3659 3776
5064
2732 691
2848 917
3067 943
2062
3611
1840 93
2158 2426
327 495
2872
752 3480
2417 2953 2137 2856 2450 3560 5056 2254
4162 4196
1208
335
3278 1634
3458 2993
558 1999 4444
2468 1187
3765 3008 3254
1565 2759
1544 2651
770 1928
2221 4969 2763 1358 2685
228
314 875
3322
2068 3232
1441 4371 4640 1276 1749 3543 2465
1883
4927 2327
3096 2784
4557 2681 4203 3699 1731 1741 4355 306
3291 2416 508 4461 4388 572 2132
2066 4907
3740 3099
1721 2954
215 3719 4759 2815
76 4148 2867 3566 4126 2271 255 4086 3158 1167 1146 869 577
5036 1260
4407 1920
2037 4791
2015 3083
5047 3917
4773 3439
781 499
3593
1186 4881
1360 3852 715 1218
4935 2790
4955 5014
2426 3952
2347 2037
4910 1838
3674 3868
761 826
3478 3142
626 4121 3830
4184
2354 4133
3985 3936
3026 4631
4161 3910
304
3198 2707
3723
816 3026 750 1129 3292 2038 2845
2459 3051 3904
1555 4764
2419
1071
3459 4839 2662 2332 241
4844 4798
1456
3009 388
445 1822 3231 5063
1675 1666
3716 4567
1230 4727
4900 3420
1865 1919 2535 4226 3363 4661 803 2970 4436 2593 1726 1428
2805
2639 2701
117 2839
1498 2243
2355 508
457
4648
2690 2816
2958
2350 939
4601
61
3832 673
4370 1154
296 4751
2131 5010
3005 4020
4716 2507 3112
4515 4868
4488 3687
18 4225
528 931
576 1038
4282 4406
1561 2321
1548 2002
3368
395 1469
1909
2263
3601 1163
4589
4154 3926
1735 2230
1529
1224 3330
756 4203
2938 2122
4578 3924
5007 2019
3532 5008
1251 4127
804 3254
3527 3026
3386
517
4215
4869 1501
4244 167
1980 3862
479
2215
5058 3656 1183
1851 2628
4455 2213 932 1308
199
1302 2694
933 4093
2975 701
1985 2710
830
4522 104
3389 1552
3801
1480 3233
3585 2857
2447 2244
1457
1685
136 4821 5031 4008
2002
143 2413
2641
4247 4486
1133 2325 3870 3417 2705 2686 132 2192
2207 1546
2044 2736
1313 449
1981
497 2487
2012 1034 1391
713 94
4270 1783
1393 2941
3385 1123
1644
4948 540
1556 2289
3424 3854
1587 2783
1680 369
1186 4797 4664 377 4603 1343
3944 2766
4079 1541 1747
1396 2087 2079 29 3224 1899 4846 2321 1963 566
667 812
3003 1588
199 1006
2444
4027 3623
4659 3348
5053
2417 1541 4249 2135 2381 3205 771 3115 269 4011 168 3662 2937 3702
4609 4964
2454
1062 109
2174 1175
1509
468 3471
2653 761
4985
4856 925
1763 1343
1438
1079 4323
411
1541
4797
1006 2464
4026 4974
4770 4932
4596
2205 2785
4488
4149 1970
3762 4168
1579 4308 2188 4576 2465 4650 1155
2651 3613
1387 4638
1892 315
3924
805 134
4031 1615
1797 5034
4203 2864 1247 4632 2979 2452 889 487 4950 574 4064 1217 4193 1101 3915 3702 1918 2692
2531 603 2714 2260 1427 1356 5019 3859 646 945 4779 2631 3340 415 2170
4037 3352
1140 296 1015 1763 1297
3288 4005 986
3495 317
2590 3715
3632 3437
3880 2408
2705 11
2910 4127
1796 367
2313 4461
1540 3734
912 2385
167
1803 759
3566 2297
3297 1830
5068 2613
278 1900
201 3089
4785 1857 724 2939 434 4278 4909
4912 520
3849 76
981 2790
4006 4161
1328 655
1256 783
4206 1833
4983 3022
2852
4969 3671
392 3330 3084
646 1183
1613 3323 845 1016
4768 4076
1340 1990
3976 114
3123 862
2547 2432
1621 1084
3754 3200
4010 1883
4169
2844 811
606 1583
785 1046
4418 2856
74
4133 2980
2296 3056
1638 2008
2380 4607
4174 2832
260 1686
1359 104
2952 4914 2468
2235 454
2327 363
603
816
562 3974
2487 1856
2834 1183 728 3258 2652
3166 3662 3191
3310 5
204 698
2109 1090 2713
3130 2133
2603
4902
4779 749
1211
1382 1525
81 1459
4293 278
3411 1804 1007
4345
170
407 479
521 2443
3944 4515
3016 4210
3570 3271 312 1927 4984 3881
1844 4192
183 4184 44 3410
3815
1311 1336 879
3795 4796
480 3375 4485 584 4039 1706 1846
1410 4436
3516
1614 996
1533 2547
2229 672
2943 3629
1905 1479
3479 3849
12
4550 1836
4962
172 1516
3555 3501
2557 146 2408
828
1955
4549 3537
4624 2395
4750 2615 4880
1697 3578
1480 4104
2522
4309 1953
1186
2027
3834 3563
196 4653
2904 1527
3913 2207 3432 1733 544 1105
236 2578
4447
4194 4299
1416
4483 2061
3069 1103
651 76
966 708
4653 170 4397 1271 1932 4406 4659 5045 397 1644
1904 393
3892 1126
256 2245
3559 4265
838 1964
1545 861
4723 1920
1649 2859
4377 3706
3986 1600
795 3962
2960 695
2976 1481
648 4333
434 511
3322 2137
3468 1210
5027
2733 1792
355
3486 950
4472 325
2681
3206 4084
1271 3804
3453 252
329 3477
4538
2165 1220
4089 2845
2391 1358
2790 3547 4040 1161 3313 2227 1140
4141 4455 825 874
3201
4245
767 4838
2014 295 4511 3380 745 1980 2879 4953 1913 4706
2079 3546
4573 1490
2203 3014
3231
4038 2110
134 1579
570
2274 1184
2054
991 1342
1239
3852 1016
5000 2538
1755
3625 2741
885 208
4298
3354 4686 2860 2173 2444 478
13 816
2484
2334 3592
1750 2317
2083 5092
3575 2411
2128 3519
2390
3968
453 408 1507
3551 296
2937 2864 937 4152 2204 3516
4409 3897
354 2982
3233
1414 1257
3257 3553
921
3297 3333
3032 3341
4642 1177
420 1878 1564 2557
4976 280
3534 1848
3449 1129
2314 4491
45 3913 285 3409 521 2179 4178 1132 3357 2055
4561 2989
4852
1143 3872 2193
2436 786
2738 3457
3498 2747
37 737
4555
4409 4965
392 245 3421 2356 1472 3143
908
4585 2543
1978 5002
4785 2978
4189 1553
2225 3476
2185 1274
3252 3865
4961 116
1856 2585
4929 3498 3297 1382 5039 2258 4180 4701 835 2252 4240 3949
4928 3914
4750 1306
4389 1878
478 4382
5094 2369
3606 2219
2705 703
4611 689
2533 2896
31
2059 2002
1681 1845
2909 1184
1048 4661
397
2071
430 612
2090 4983
3954
2940 4886
4440
5078 2141
680 4131
3310 3587 3570 1162 2215
886 3081
2838 2196
996
892 2166 3635
1557 2040 4760
2507 2411
3958 4725
46 1641
711 3521
3072 2295
4342 3866
4678
4447 3310 233 4525 4140 2376 361 764 278 2993
1779 154
4617 222 356 3123
4253 400
5023 211
3425 1041
1116 581
2003 1655
3570 3773 1258 2488 3177
181 3234
3276 2573
3614 4581
1661
2527 35
2716 4732
2664 4795
692 4856
4315
2099 1076 3868
2814 1912
2993
1403 3374
2278 2820
111 1677
3863 1615
417 235
202 2555
3217 4466
1280 2732
1294 1113
1324 778
3905
4999 4423
2641 3907
2944 5059
3664 2043
2059 3959
4182
2712 2949
1350
1618 865
4661 1623
3493 2342 4215 4168
1914
265
2357 2459 2331 4988 34 676 687
3505 1963
3922 1052
2836
40 203
4237 1096
3285
3485 4264
114
4215 3585
1982 2545
1376 630
4228
728 1156
3931 2099 3878 4424 2439 1647 4191 226
3249 4836
77
2444 5029
3436
4160
1285 4852
3148
4093 2283
848 2018
4629 4386
2751 3085
4650 4383
3575 5061
3964 5052
3616 1257
171 4321
1301 4827
230 5032
1083 1949
3714 4636
2694 711
2754
2567 1277
3182 3589
4226 85 919 4251 4344 2426
4888 1888
66
3901 2614
4780 4099
3046 1196
2381 1151 4079 543 1165 1142 3702
3641 4516
2135 3164
4345 4063 4227 2985 3424 989 1593 2113
1317 4326
1124 3812
4416 106 2154
1074
2954 1996
3439
2662
1111 4844
164 3570 3271 1408 4211 3386
3300 348
1901 1036
2231 1136
2776 1443
937 2609
4586 1994
1641
1073
2272 190
4603
2709 1388
2962 988
398 4568 458 4990 120 57 4945 3993
238 2284
5020 671
2030 4060
949
2098 4088
2180 2177
169 2126
616 3787
3947 1801
1968 1718
4234 3927
4870 2890
1175 1354 234
4844
5085 2358
3599 1614 3974
1229
4322 1916
2169 3297
3297 3023 1897
3835 1138
1145 3025
395 4254
1611
2699 1909
4720
857 1544
2455 4204 3887 2012 1689 141 1909 2417 2953
4431 5078
3226 2016
3569 266
336 2777
2112 3495
1321 2886
2956 3055
4908
2645 1930
1782 3774
2397 2657
3894 4675
4991 4724
4789 2987
1769 2106
3239
1590 2962
141
2872 1218
1276 1879 864 4893 1582
1475 1181
3411
1971 3544
1491
753
4203
2389 1224
347 321
1492
676 4911
1650 3746
2990 4232 3632
3995
623 1682 715
1987 4607
3482
4259 4391
2950 4726 2365 2503
2179 344
4536 1930 1962 820 4226 4228 61 4138 983
2746
2126 2904
1683
4903 1235
3969 4467
4209 780
3578 1446 3758 4256 2084 5043 1560 3467 2477 3598 323 665 3783 3045
1806 1652 3301
2837 4902
4877 3747 1134 4298 1311
482 2002
2770 3700
1510 4359
3742 390
4743 1319
4193 1625
3769 2022 4073
1642 3221
3964 308
682 4259
1458 2786
3112 403 2407 946 3097
4670 2060
4892
2141 4809 3365
627 3818
917 1463
2464 4905
661 33
1909 4697
4509 4701
1044 480
2373 18
3642 4434
1855 822
3346 3677
630
2700 3726
2444
626 902
1044
4405
1474 892
2771 4786
3710 2402
2519 1139
2758 1426 928 4157
1628 3503
530 1637
3565 4692
1858 1117
4619 4617 1238
722 4053
5058 4632
2423 4809 1594 842 445 4694 214 1909 5030 1870
3349 4531
3851 3378
2444 4477
5063
2999 2460
4968 140
150 4246
3791 1293
4490
2594
2367
2666 4942
3356
330 4395
4563 4373
430 961
1273
3552
2413 2521
4050 4684
4446
3662 3393
2294 2652
253 2687
4785 474 2984 4156 2731 2664
242 4372
654
2713 4640 3813 2554 1911 195
1576 2053
3657
4218
1004
2716
3305
2326
4254 1972 3437 500
1865 1919 3495 4827 1048
4727 710
2234 1740
3776 47
959 91
1000
147 4216
1302
3273
3996 1082
2917 4833
2409 617
3966 3506
3002 3794
3751 1728
1000
4597
14 2223
2503 922
2679 4768
2711 2560
1142
2050
3161 996
3017 1370
3650 2967
2160 2503
1800 4059
2818 374
4447 1362
3713 312
258 4458
2366 2630
4418 4708
2117 951
2478 3163
786 1992
1186 1161
3317 2611
3775 2071 4429 2590 3785 2412 891 314 1844
2397 3201
1778 774
2102
2534 1609
4664 2799
816
1777 4063
4932 3239 3298
108 2589
764 2508
4748 4457
1772
5049 1767
2772 1452
3480 903
4034 3899
1604 3693
4702 3429 1131
346 565
2175 3388
2498 5072
3235 2315
3622 4539
726 1924
4056 48
4756 3306
1330
4603
3418 695
3372 1969
2880 368 1194 4969
5041 1182
3423 2282
1884 514
3284 1753
1575 328
3118 5082
2891 1199
1260
76 4989
1642 2659 4836
4837 397 3151
2192
4555 351
3530 4599
585 4553
476 4781 4410 405
3711 478
2211 2077
2048 3492
2907 4510
4291
3909 392
1889 2130
3563 3077
531 2606
1043 4042
3780 3648
3727
3662
4811 3543
3931
4037 3049
4105 2624
1201 2252
376
3964
1212 4400
3897 3353
3807 656
1283 3684 3666 2785
2299 2365
699 1021
4722 2792
4966 974
370 4342
2135
2881 4978
1268 1765
1426 3239
4630 1273
688 3885
3593 1390
2258 3515 4102 2868
2512
4361 1102
216
295 4674
2414 489 4066 2635 4572 234 4919
2711 1669
1246 1413
331 1205 434 4302 3803 3956 3034
1685 32
3557 3223
338 4324
4401 213
452 4507 4237 2485
5021 4341
172
1048 1919 2535 51 3233 1874 1726 3394 4763
4379
244 765 2535
3722 4268
830 4361
3021 1689
538
170 3168
3647 4238
2276 3945 1865
3244 4966
2474
5030 3036
2557 4336 41 1417 1388
1614 4847
1928
3612 5087
4645 3722
1226 997
2785 1799
459 4661
4613 3767
4923
1536 335
4653 1819
136 295 2972 4241 4408 2121 3981 1922
3294 4469
4956 1178
3157 3702
2301
833 2746
3752
2500 1586
72 739
1143 3506
1203 3277
1555
3889 4136
4639
4482 1312
4100 2365 2119 788 4200 1280 4679 4349 3450 178 3597 2890
2332 3261
3515 2472
2141
4434 1591 1664 2358 1077 1689 1594
5051 2781
1717 4698
1470 1958
1348
1494 29
71 4656 4686 4943 4504
1584 2760
2793 4617
270 1183
1048 1865 1726 4264
490 2192 1008 1949 1318
4952 452 679 2485 716
1890 254
3696
4742 1789
3593
61 3145
911 1267
1880 990
5009 4342
1634 383 5054 1603
723
1311 341
2273 4842
4755 2303
3810 3086
2354
2576
4664
4709 958
2879
3859 4376
4954
476 12 405 4159 4894 957 3938
2201
4942 3964
27 3731
4594
2646
1920 3395 4122 2148 3828 1529 2883 490
121 440
3690 2515
3355 490
1296 4012 5082
677
1289 4353
3845
33
1912 4756
4662 5033
44 2052
2807
1634 2535 3123
1497 1143
1316 709
3514
4353 2142
523 4667
1576 2292
1795 784
1173 2312
2245 1617
1725 4882
3496 3573
2933 3564
4314 828
5075 2772
3137
3227 1406
815
1098 1348
1127 2135
4866 1506
4193
3967 2003
1108
2012
1629
297
2743 2488
1220 632
4205 3840
1762 3758
298 3780
1559 535
316 4658
1549 2699
3605 2344
519
720 985
2987
5092 4944
4215 4978 3618 1119 1645 1074 1425
1984 1458
895 2535
5013
4539 4203
4838
1235 2733
923
4772 95
3628 3964
1594 17 2845 4444 1129 1986 3523
3906 592
1348 4737
1010 3895
1596
3538 4888
1519
1088 3963
83 3516 4771 3815 4589 2973
2242 2150
670 1651
3125
2365
465 3597
696 4500
679 1298
2374
4516 441
3826 1569
4558
4430 4503
4332 43
4788 2507
3702 32
2443 3602
1020 1009
1034
2259 2801
1443
4507 3770
4364 964
1486 3434
4684 1125
2919 2864
127
4397
2974 1815
3159 3236
1748 818
2682 3185
3057 1960 2817
1718 4620
305 1357
4829 1393
252 4399
4007 817
4230
1487 1425
1657 3789
1307 3586
972 4072
112 2492
5086
5082 3474
4588 1002
2579 2378
2724 995
4978 3526
2089 2981
1765 4447 88 2303 4267 536 3775 1430
4940 4303
4777 657
3971 4900
3034
4228
525 1814
3420 2160
1143 1349
2432 2887
3821 247
3026 4857
4996 1371
3939 1641
2420 2582
3586
1143
4391 4000
4738 2070
2792 1432
433 2125
2240
4782 3956
4807 741
3071 4456
693 3698
351 3882
2942 1571
2687 3677 714 2406 4797 931 1469 3274 659 1510 2393 4860
4203 3339
3719 2346
4809 1768
3615 244
3330 3331
2384 4854 397
1609 4015
3913 2770
2137
1251 2713
4315 908 4038 1353 2901
4890
235 1599
2319 1544
4185 2551 597 4952 4342
2475 573
2671 3757
1760 2465
3314
1905 4956
914 2365
1890 3136
4181 1086
4193
2417 791 4425
2091 3620
1573 1636
2444
168 1373
4807 2798
1819 3554
1064
3291 4880 4254 3634 2209 3877 272 1001
1252 2931
2483
1842 2237 1543 1981 2381 3702 1151
4561 2150 2654 2559
3442 979 1327 5081 2108
5071 3310
5004 2171
2911 4322
3241 4809 3347 3152 1659 1908 3181 1436 452
1966 397
628 5006
2758 469
4372 2426
882
249 4816
1949
5081 3807
2021 2136
2977 2785
2675 4110
4675 4226 379
3729 106 1547
2915 4194
184 2502
4992
975
4960 225
2078 1752
4203 231 3319
4235 772
4112
3060 3559
678 1340
892 2289 2398 1442 3376
2294 4669
793 3082
4111 1585
3702 4652 1184
2139 4270
245 139
1366 3473
1155
1785
2337 2659
1572 4988
4519 3482
1393 2787 1633 4178
2905 1572
4244 4099
3887 4612
4150
3740
2275 1410
4830 4547
3251 20
2857 1175
405 4070
3065 4438
4686 2778
1920 3887 114 390 2676 2544 1808 1123 4367 4994 3742
2640 3634 4352 1396
50 2389
2470 3867
1440 4772
4591 169
762 4528
2626 3047
3933
4125 1944
2935
1351
3290 1378
4541 1171
2619 2340
1302 1124
3978 2409
4118 2132
68 3039
1814 2448
2961 3656
1103 2903 282 440
2788 564
1100 1438
73
3063 4621
3259 3460
3111 1420
2482 389
991 2308 698 3370 4606
2506 335
248 1743
3264 2475
4680 1409
770 671
1343 748
4884 704
2455 1278
82 746 1082
4825 1556
3191 2578
114
1728 2602
1241 408
3171 2426
2135
2395 3281
899 2441
2092 61
636 4689 3280
4759 2021
1052 4648
1115 352
1314 1971 4242 4108 5080 4233 2309
3502
3102 3621
3241
289 2634
457
3551 645
1830 1414
4189
979
3781 3772
3035 164
3891 935
1414 1849 2755 4469 768 3154
3684 2039
1184
191 4939
3127 2797
504 3242 920 1078 172
2661 3376
3974 4640
381 4705
3688
2559 215
2958 3110 746
875 2458
3326 1006
4854 1562
1933
519 1356
4216 2185
1874 3973
4306
1473
697 4575
608 3210
180 4387
610 1798
1518 233
1567 4142
2712 2756
3347
4632 23
2603 2706
1136 2166
2923
701
4831 4 1968 4648
2698 751
1712 2167
2991 1448
3500 1234
1200 380
3741 3259
3619 1837
2459 3404
1894 2999 3706
2426
1934 2071
3510 3990
2845
2403
2605 3498
2221 2322
3925 587 2953 530 3308 4543 522 4740 124 3256 2245 4534
2644 3782
2825 2529
1970 2423
3567 1195
1392
3010 1787
3570
1370 169
3480 2546
4227 2113
142 846
215 3966 3028 2532 1073 4808 3224 1143 429
2308 2828
4672 3053
4051 5015 304 450 2718 820
1123
225 1724
1242 188 478 2993 998
5088 2429
4025 3491
510 5088
1496 851
1906 1039
2423 2702
4787 1369
4352 747
2940 3861
4564 2176
2915 5060
3702
2206
3948 4048
1493 4597
2936
1997 3571
713 3162
2101 3144
4373 1020
4490 640
136 4289
3076 1058
4843
2584 4008
3353 599
852 3477 428 1027 3793 1936 2769 4468
3419 1053
4261 1403
1496 2459 4663 3186 4398 3446 4849 3135
1581 1909
3587
2782 4707
918 3478
2914
5071
2808 3741
2024 3403 1905 1837 2120 1632 183 397
1758
4749 2663 4226 1700 3583 2492
3504 4486
1419
4047 276
3572 4151
4814 739
3522 1667
2028 4953
472 3608
4053 1451
93 5000
2067
3702 4546
1236
2417 1541 4249 2135 3205 771 1151 3570 4277 3702
4713 2745
910 4526
4292 2105
1197 938
2876 3442 823
343 5044
4404 129
2194 1621
1374 2879
4969 1342
559 935
655 2099
3963 4776
1291 2238
4530
4552 1766 1605
2166 3565
841 4354
3999 4520
5036 3302
1679 3407
776 3416 2306 4527
3666 3062
2713 2428
2099 4898
5027 1656
2557 1191 3926 1287 3248 2902
2208 3680 2597 1737
3950 4593 72
1444 1372
4552 1765
1120 1708
1854 528
384
1001
4880 1594 76 979 3282 2381 2124 45 2637 3702 1151
419 2663
4185 1037
3744 2085
807 355
2460
558 1689 2333 4284 2312
4416 4951
4449 3159
4226 3316 4785 3890 4982 2302 975 369 5049 2236 2145 1019 3724 3593 1535
632 491
2405 286
2328 3485
4778
707
1223 2080
792 3450
3923 2510
4958 239
311 1397
3260
2796 5093
4107 1510
4591
2239 3282
3881
2036 1264
1147 1366 2127 1692 100 1673 1513 2860
4451 2671
179
736 1115
2211
64
3441 979
475 621
1183 3156
2800 2943
1153 3775
3731 2885 1594 4610 3603 3141 198 4094 221 647 2229 813 735
2741
383 3578 446 2751 771 3644
3044 2270
1035 1496 2487 3117 4280 2300 600 3846 2357 71
1694 2422
4134 136
2830 180
4196 3970
1167 1662
4978 4168 4215 283 4495 1175 996 2117 359 4374
4978
22 4802
986 1240
205 4449
710 2195
539 5038
1907 4518
4660 3890
1876 125
2224 2115
4871 4834
1641
4939 1761
4492 259
283 2853 509
4867 766
3168 2220
674 2134
3473 1368
1921 1862
4628 3644
76 2459 1246 947 432 1128 4097
1989 1459
3210
200 3364
52 64
2063 2367
43 785
89 2785
3931
4975 4140
2556 4809
1786 4346
4668 558
4741 1897
4622 3458
2156 4272
299 1752 2851 1744 4481 3626 1632 3297
4553 3123
3702 213
3364 2222
3112 1444 1066 2034
1775 176
895 2516
3664 2434
4128
856 1850
4952
5039 3655
4222 1951
3792 2509 428
8
2892 4860
1680
3462
1708 4085
4548 61 245 4551 1295
3583 3525
3757 3303
3187
55 3405
791 1464
4153 69
4086 2311
3660
1184
4688 2321
619 1423
934 1769
4226 51 1962 1048 1865 4719 3285 2806 5001 3190 1867 2004
3545
4887 4643
1361 335
4203
4780 4578
367 3745
3988 4899
1405
3858 2192
1506
2318 3414
1277 1223
378
3447 4067
3523 616
3935 2114
360 4508
2998 3212
4287 1717
1477
3048 2497
1878 1287 2408 4969 1388
164 479
2268 2136
1746 2919
3878
4011 4832
396
4124
871
592 4532
1533
5012
4666
267 3382
2705
3913 31
1461 336
3301
743 4855
937 1937 2622 3831
4520 475
4254 2232 1303
2067 4671
39 4208 451
4819 4080
2085 2911
787
2697 2352
1413 287
70 3813
479 5048
170 496
1774 4350
1765 1189
545
964 619
2750 1048
461 1699
274 3911
4795 2898
2409 900
715
3162 651
2881
471
2234 2940
1253 2288
4419
2868 2307
1821 4028
540 3946
3657 3155
1558 3652
3188
4844 1764
162 4978
1202 4506
1538 3775
1292 2667
3588 3109
3618 3987
2768 4334
2206 4664
327
4298
2576 375
834 2788
1829
590 4854
4636 2199
3521 3913
1102
4168 555
1758 4559
1184 4417
122 2851
3073
4242 243 2249 522
1854 4572
3731
2417
4207 3173 506 4787 2887 618 5077
1050 3922
2193 3634
1121 1484
723 5021
4647
808 2310
515 1603
3742 1948
153
4388
4422 299
5046 4736
989 1176
1247 1712
3833 1158
2136 2971
2669 4282
3125 3488
897 297 4112 4460 1605 4176
3036
2176 1806
4736
2264 4165
1551 1039 4943
2367 2418
1714 1466
3725 4400
1701 107
2615
3801 464
4653 2655
187 3593
2445 2116
3729 738
4266 3029
3885 61
2152 3879
2192 353
4421 102
4957 252
587 3701 3102 3167 1745 3000 3383
4845 3033
3335 4345 1000 4557 1334
2051 4976
4058
3629 4936
4369 991
2705 1123
45 2099 4963 1713 3092 4021
4784
295 3631
1056
4978
1183
3215 197
1105 1531
4497 3490
3822 3448
2584 53
2293 3984
1996 1591
2984 1672
1050 589
2333 641
4661 3189
467
2571 3887 2686 1192 11 1421 1123
2288 4287
4497 1032
4130 4399 252
41 1564
1108 4126
1746 1855
4663 1489 2285
2109 1717 2405 4640 1251
1184 5046
4823 3076
1465 1722
3472
3568 2324
4907 187
5080
837
454 2926
3336 4849
2068 2829
3676 3451
102 3115
4017 4097
3970 5093
4139 2973
668 4440
4171 1714
1479 969
2008 1330
4502
4877 539
1125 159
3907 4801
2790 1398
4116
4374
1363 2456
4835
1989
3593 373
842 2382
3913 1895 409 1635 4569
1399 743
671
4203
2593 99
2457 1521
4456 4381
427 4880
3520 1532
2258 4046
2285
4661 4316
3972 1681 2144
988 4595
1916 2836
2870 4521
4204 3272
991 3126
3132 162
600 2935
4734 1141
344
4401 2618
2354 3182
2107 1646
1678 456
1976 1779
3637 3481 2842
946
3273 2988
1557 908
1598 4286
2191
261 868
793
3379 1910
5021 2360
1138
3768 999
1171 2494 2151 1884 3218 4226 1836
1655 299
2179 4901
2623 2214
3254
1343 1017 4040 1208 2738
886
1839 2090
1917 3928
101 4409
4788 3964
4155 2438
2262 4657
3482 2129
4797 4565 1770
781 2453
2039 186
3196 4439
3055 3975
829 962 4880
1049 4390
2824 2535
3295 1961
2364
866 4778
263 5026
4106 4828
4944 4018
79
1470
1005
1056 4300
229 2052
2931 1754
4220
1473 3186
3265 944
3720 3149
4854 3366
4687 2806
2311 4599
894 510
3663
2322 3674
424 2724
59 2462
4521 3538
1237
4164 291
1247 4608
3146 767
2760 1499
1643
466 1440
1051 389
3841 3232
3401 4426
2940 4187 396 3540 5074 2773 3481 3234
3882 3833
1228 4437
2305 3980 4807 587 750 2012 3852 3482 4607 3082 1341 1034
3887
4870 3788
970 125
638 931
4065 878
2632 2503
1214 4348
2958 2480
5097 4583
3664
1231 4418 979
1114 2188
671 228
1319 3615
671 3403 1366 595 2444 542
3230 3527
812
432
3123 1378 4843 820 4619 3320 2045 1183
4186 4885
3962 3417
1006
1849 2605
3503 576
2761
4285 536
977 1613
4600 4992
3439 4231 2994
4391 3483
592 2386
4574 3279
4952 2999
331 4511 1940 3056 305 2390 1348 3694 727 4138
1796
2600 1843
338 3594
490 1949
4941 3015
651 2455 3241 3843 966 3402
1600 4437
2080 2638
4029 3241
3240
1578 1905
1803
2518 3499
385 3727
2896 4347
3202 5021 4749
1423 2894
4228 206
2596 4862
2972
3421 5042
2110
669 2408
2213 932
1636 1301
4720 2180
4325 4894
4592 1816
4556 3823
1427
1193 410
2582 2140
479
299
2362 3104
4168 283 2338 2155
3759 402
4438 4302 5017 4782 1736
3192
2560 2045
4815 4803
737 3021
3414 3653
3867 2290
3345 4898
3160 229
615 2722
3581 405
4803 105
4314
4708 3325 587
2133 2818
657 427
3091 4220 1974 3851 333 3755 4933 3145 3431 4670 4861
3498 5062
2765 2202
76 2343
1151 1378 3123
1086 3706 3241
1205 4799
2842 2336 1434 2602
62 1132
747 2098
2453 1279
546 1485
4150 3236
607 4155
78
4785 3582
1489
1632 4100
6 4529
1240
4880 1594 76 979 3282 2309
1004 1549
517 4937
774 1601
4307 4270
2853 1057 2269 3184
3797 350
3645 3123 1323 4842
2212
1611 1565
4115 4124
4391
3994
3148 593 4969
3610 1751 3190 3769
3738 4027
3245 3576
3508 1048
4808 4489 956 2654
1890 2899
4665 2729 2020 3834
3672 2048
4249 1107
3272 1324
514 2151
1407 4498
4123 1183
1233 591
2070 3071
1380 3750
3580 4686
1714 474 2700 965 627
1544
3823 4981
2000 3439 1608
2775 869
4260 1394
1626 3393
2295
3702
1471 423 984 2327 1451 278 3953
816 2874
4637
5042 668
3487
4044 4580 4658 2553
1694 264 2878 2301
4360 2679
342
3352 1739
3519 1145
4178 412
1 1065
4537 841
3106 4441
4197 987
1042 3825
2315 3681
4001 96
839 4694
4454 622
1351 5069
2884 4020
5070 1266
1750
3534 4061
3211 3064
4279 4429
1870 2921
1213 4311
1586 800
5062
1588 4930
1034 816 639 2082 3384 729 1092 1029 3433
5052 686
2321
2673
846 4514
3918 4847
880 1386
2680 425
2075 1857
3448 2256
2658 1877
455 4714
620 3436
2210 125
4200
4843
955
212 4859
2458 4090
3425 1641
43 1540
2199 3275
4323 2556
1828 4055
3194 4619
4392 1035
4170 3775
2323
442 171
1601 2803
2879 331 1234
4184 2052
4101 215
3654 4451
663 2164
3600
2404 4550
3806 2217
3019 516
4715 2190
4742
4879 971
4785 4544
1308 681
4412 547 4288
2981 2095
1448 4113
4083 2633
170 389
807 4023
2715 2350
1820 5082
3151 4198
4285
3633 3811
1439 782
2168 2845
141 1010
1216 3985
1521 790
4943 4032 5033 3604 1935
366 3887
4695 4464
1204 4144
420
2933 4391 136
2687
4619 303
569 4368
4921
999 4949
532 3129 1656 183
279 4562
1003 185
893 3440
163 575
2679 2247
44 4865
2914 3336
469 237
3311 3007
3454
4435 3814
2616
405 2269
807 2219
2507 1656 1066
4448 765
174
1151 3252 4790 2726 313 90 3662
650 4077
2459 4201 3904
86 1802
527 4428
4378 3999
4203
4298
2864 2937 1222 2960 2504 5070 660 3516 1453 1962
3831 460 3475
2023 2656
2763 4473
2262
953 3349
3097 183
4143 1252
760 3973
3886 2764
5069 3148
4646 4487
2357 3372
2121 295
4168 1977
75 4934
3843
4806 3588
4733 2455
1024 4917
1403
2346 4306
1926 2933
2835
319 4854
2966 1517 3133
2822
568
1807 3078
3347 2141 175
4918 3474
259 2258
2608 3657
3574 2452
4677 1893
877 1006
2425 2049
80 2925
4495 896 1749 386
2345 2599
1761 202
1543
862
1248
2679 949
1872 2482
859 4509
643 653
3651 2236
393 4043
4775 2638
4447
4753
4312 4931
4277 1459
4226 3329
397 663
3775 808
2141
2769 1534
3346
2958
2051 3224
2820 2357
2525 264
2610 602
2703 4879
51 3246 4337 185 2967 2535
3662 2232 5086 4600 1248
2918 24
3770 3464
3050
4296 157
3462 2802
4797 4363
5055 1032
442 865
1225 3358
1766 1345
5021 2895
3462 734
4544
5082 21 438 2381 3702 1151
939 1335
3887
754 877
3903
2280 2489
4500 3019
2553 4230
135 4234
4721 3371
858 2693
3296 4338
3752 1478
3254 3321 2785
3444 4474
191 271
1652 820
3687 4485
1859 141
1143 3185 2321
3710 4918
4844 1596
4057 1978
4986 352
302 4295
700 2861
4042 1043 1352 3490
995 2840
1865 1381 4763 1113 4690
1460 2842 4686
1787 316
2049 141 2945
3462 881
4158 515
1610 1845 1773
2889 3645
2938 2141 3601 2885 2248 3731 2888 3706
416 2263
4262 4626
1875 4504
4166 2969
3929 3190 3830 51
4735 3774
2408
1511 3594
4063 906
3435 2187
3115 1411
3573 4219
3218 3765 1091 910 693 2789 987
4883
2309 4954
4218 1383
624 1247
2298 2218
3404 2437
1906
4077 282
4883 3887
5087 2224
2821 3998
838
3771 182
3312 4904
3371 3850
426 4845
1267 1553 513 3570 4087
2976 2762
1734 2775
780 2099
3047 51
4870 1461
1900 930
983
2877 4047
582 2241
2238 4574
284 2441 2417 2953
262 222
4314 1800
2535 1502
3601
4822 3356
1187
526
3516 2204
2132 1001
1034 845
92 3992
835 1891
637 2807
4145 3216
1414 1586 1585 1385 801 1201 2503
4724 811 4437 1773
3331
4696 1554
1642 2574
2401 236
2524 4825
320 3340
1723 4416
1791 788
4914 484
2309 530
5005 3714
1438 1451 1249 4908 309 602 3545 2138
4184 3106
3544 3268
1343
613 2118
4654 4290
3797 4785 2426 4735 3465 3693
290 1764
3814 3844
2161
4146 4619 2864 125
3218
994 1327
1218
4623
4314 2930
2271
3873
4477 194
3894 3178
2104 1216 4037 1084 888
2104 3299
3333 4512
3332 1385
3426 3940
2681
3104 2723
4255
4215
4005 2100
3304 1184
1386 588
4844
5089 4024
4930 5090
712 2924
1670 3183
452 2141 3152 2286 614
4160 1149
3128 1690
474
3888 3672
1185 3002
1834 2353
1366 3473 4381 3447
1952 4407
3287 1702
1393
3200 4134
3987
61
4342 3910
4137
1048
2506 2490
1659
3871 2823
580 4050
1075 3853
633 3403 579 3556
2221 3921
3214 3269
3135 1795
4487 255
1472 292
1273
2166 2264
3381 4867
1691 688
72 2781
3539 1348
3377
831 3656 2570
28 2679
3026
1133
1553 1093
3919 324
1785 3785
1111
405
4484
330
1711 2990 3632
1865 5047
1949 3396
3395 878
152 3636
4034 4168
4989 4004
371 779
2841 4308
2885 385
2860 357 2365 3369
2300 3260
2526
3561
2402 4309
4453 4094
399 1393
4018 1269
1260 1616 3989
4317 205
690
2546 2922
742
2403 5058
2866 1123
1794
629 2355
1047 2078
1403 2900
295 19
836 1798
1544 1137
1456 3045
3334
617 391
784
4843 1783
358
2933
3529 1302
3026
2043 5076
3251 505
1514 4671 3038
1725 1190
61
2987 2874 3577 1012 3820 1550
3100 250
4625 2450
2137 2386
5037 4162
3219 4447
4266 4922 4739
4964 2357
2549 3354
2696 3035
4311 1391
2433 1905
623 2725
457
484 1337
946 3107
4117 537
4365
1398
984 2501
1039 241
2218 3759
905 4522
4903 3196 2520 3237 3203
4377 5073
3193 904
3316
3916 3517
3487 1641
4021 1328
5014 643
4141
682 1157
141 2717
3354 4067 2173 3912 2484 946
3153 2065
3841 3124
1409 62
1338 2354
2361 1024
1281
4358 794 978 1780 2318
671 2773 2842 929
4666 4807 2845 2798 2178 1630
2875
4870 914
2429 1503
294 1332
2997 3467
2656 4447
4129 4049
2695 3231
2329
1815
1493 405 4319 3640 4712
3643 963
3806 1188 1726 1599 3847
586 1973
4791 518
1414 43 3739 557 3515 1399 763 3902 2934 4518 2307
2892
2296
1286 376
2246 3913
1682 2869
4270 2368
4310 1497
1738 1899
3948 4048
601 2970
159 155
884 2304
17 3708
5059 4592
3932 3678
1965 160
1849 3498 678 4102 477 1907
2020 1275 4896 3290 3123 4236 1378
3466 689
4848 5024
1373 3003
824 2754
1447 2627
2373
2012 2550
58 899
2523 112
2069 3762
2861 1092
702 3529
3528 3432
1810
3982
4580 821 1089
3938
1390 3018
4951 5089
5054 554
1290 719
2831 2017
448 3380
2842
665 3548
3877 4556
1826 996
1617 3312
3310 2536
1349
1343 4711
3541
5079 4582
4853
2251 1377
1707 4970
1383 4048
479 2130
4728 1286
5050 3369
1859
950 4481
2164 1315
217 979
3406 4972
4014 3856
1299 1820
1974 4823
2398 1684
1006 1200
2313
4437 2718
132 1597
1459 1553 1438 2381 1267 4889 2316 3271
2344 4398
790 2371
1973 3253
3156 4765
1372 1523
2969 797
3439
1641 2457 666 1293
3913
2983 94
2927
2948 4119 4303 4623
2523 569 2367
4408 4391
1505 1114
2061 2086
1438 2359
3140 2616
1534 834
300 807
4453
1369
85 1014 2670 2744 1925 1848 2426
3821 4836 3249 2882
3656
118 60
2025 1905
1641
1582 3974
3061 4978
3706 4809 3241 3286 1079 4876
388 2036
2455
3810 3086
516 1997
1420
3870 4973
502 2375
5015
2967 3838
803 973
4385 1881
1176 293
4854 1462
2859 2103
1525 3655
479 179
2002 2617
3690 2299
2125 71
2247
1788
1148 72
4362 3827
4109 1363
2503 4375
4475 224
843 2011
2684 1279
642
2689 254
1190 1626 4232 3937 3393
257 3080
2193 2132 2640
1442 142
3397 5036
2773 4643
294 299
4506 4642
4712 3493
1542 33
735 1668
3494
2486 2457
2960 3240 937
4159
349 1873
1823 4269
172
541 1751
3975 3171
2609 4366
2922
4466 3059
2514 3616
2212 3595 3382 1101
2608 132 3155 1719
87
967
4203 2530
578
3191 1248 1711 1825 1151 3115
4325 2827
2855 1486 848 2510 936
48 4971
1836 2404
796 4850
4405 4677
109 296
4222 4870
1215
3351 2974
4902 3743
2828 1022
72
809 2725
2099 1670
3513 5011
192 3778
2409 63 214
437 3010
5077 340
4531 448
1836 2259
730 3997 114
4465
1068 3222
38 2267
4330
1951 3619
4426 248
705
1782 3316
2879 4731
850 217
1923 3816
4561
2096
1000 4601
1646
2679 5084
2417 1541 4249 2135 2381 3205 771 1151 2170 2379 4595 1893 2339 4686 2505 4784 4504 1183 744 2035 2992
435 26
4859
810
3601 2938 4744 2301 3241 1320
220 4527
5010 3511
4929 4977
4309 4918 1679 3225
1813
4546 594
1756
3309 1530
1189
1045 15
2 4510
16 4564
1005 2101
3731 2822
507 3836
1882 1868
1033 4909
2426
2665 4448
1672 4276
2893 1824
60 100
2154 2672
915
2455 3241 2636 3744 4322 3720 1946 625 4002
4410
833 3829
1196
3789 318
3945 5091
413
3977 2968
5002 3498
2184 1003
2364 2298
1648 4367 404 2646 2192
3673 3855
2420 3731
2541 593
1625 148
4110 1644 4298
4009
4032 762
2982 4190
1740
1896 3217
4447
1225 4291
2933
4474
2116 2524
1992 1641
821 2916 3460
534
5045 207
1174 3526
4524 4906
4023 4810
3254 987 4747
325 4228
1886
3803 2784
2967 1651
2041 3193
907 3267
2255 3862
1459
1604 3247
1765 3180 2614 3052 2454 4732 2071 4223
1729 967
4584
3679
24 114
1993 1823
2255 3981
2310 3901
1641
4835 3838
3388 1765
288
1574 807
2847 4884
2060 3735
868 4442
4558 1697
4454 2516
4350 2354
4294 1739
3974 1272
299 3971
3316 844 2959
164
744 4403
411 4177 4885 4769 478
1112 2668
960 4800
1857 3768
1336
4848
3063 3495
1835 2149
4648
498 962
1935 3604
3080 941
1546 3913
2586 1717
3108 3318
1270 2020
3696 4565
457
1660 3965
857
3439
825 3594 2081 247 4324
2696
2908 2986
4848 920
3009
840 2030
4326 3624 4168 4215
1949
4530 384 3733
626 3246 1025
3124 2576
4767 1061
2843 2653
4139 5082 4535 1299 2973
164 1587
3721 5056
3927 120
3784 3610
4217 4392
1991 497
2840 3475
629
3139 2885
3318 401
1956 842
2459
3495
3921 5053
1207 1281
3269 4297
2933 1691
1360 2845 1016
3368 3858
1137 873
3743
3562 4473
4571
3853 2544
1184 1941
4248 4851 214
218 2336
1098 3772
1475 278
72
1411 269
1449
2195 2923
1022 1469
302 299
1123 3607
319 3366
1396 4105
4708 3327
4769
673
4394
2132 3542
2561 1510
4129 2675
1191
1267 2442
2097 2843
4850
65 777
1847 2674
3132
4960 2192 141 1594 2705 3207 2846 2182 3263 3087
4384 3351
806 1902
2473 2426
2257 303
954 1313
4719
1606 3329
2015 4144
25 4261
1379 1834
4322
799 1781
4103 4500
3782 1538
503 3498
4700 438 3209
4463 470 1035 3117
1482 170
126 2013
1484 2737
4870 143
819 1818
3361 1030 4952
2595 4770
3473 301
1393 4215 2746 1302 705 3812 2107 3502 3579 2627 2572
820 51 4051 1415 4836
1183
3466 792
1011 4926
3031
671 3387
4463 4201
3370 3848
2639 1498
2434 457
1087 1179
2309
2408 1081
1577 3837
2793
3246 580
4809
1510 364 1827 2495
3513
2200 4889
4807
664 2551
1028 50
277 3632
3533 1943
2084
3334 474
197 417
4314 165
4273 4029
1141 1265
1874 3736
2607 4660
810 1575
3507 2341
1414 4492
4409 2410 4202
4115 4156
1019 4822
933 2993
4804 1433
4193
2093 1857
290
803 1445
4136 1487
309
807 556
1322 2866
2019 2394
4213 4686 183 1524 1653 2795 1945 2011 4549 908 241 1832
3818 4109
2321 1738
922 1984
1375 4993
4376 1639
2728 116 2463 4682
2074 3796
2758 261
3131 2276
2265 883 3599 3795 1245 1582
2803 3651
5032 1221
91 3738
2208 330
4880 364 872 208
2845
3781 1890
398 3531
4420 81
4858 2698
3084 1028
1321
2617 3359
4800 2542
3411
2304 4851
49 725
4402 3293 4853 4952 716
1566
2965 4022
4844 1627
4415 1735
560 3685
3265
3120 2400
2088
3011
3731
4192 4132
3399 4384
3339 1187
1209
4972 2057
2352 1118
3748 4597
51 1226
1151 2562
1953
620
5057 3562
4184 2106
4661 257
467 2727
2812 3410
4680
296 572 1065 3015
3468 2687
3994 4280
3075 3764
3343 174
2329 486
212 1168
2968 1148
2606 4804
3943 2888
729
1181 561
3086 3749
4499
1781 3398
4622
4177
4644 3330 1185 1828 4226
2110 908 1353
1273
2790 1343
4134
3231 1822
3172 4609
2998 674 598
267
2755 4937
3279 2370
3553 3507 2341
3489 4758
3367 1709
2324 3914
4154
1687 2376
4920
3049 611
577 1790
5028 3227
2683 4876
1753
1569 4186
3018 582
4619 260
651 1772 906 3250 1544
1183 4120
2850
1854
2549 3473
4962 4513
683 158
2189
5038
2062 4996
4523 1651
4840 613
239 4343
1219 4409
3116 3262
4875
940 1541 4562 1142
397 2581
4467
4233 4331
903 3073
1335 61
2521 4349
1006 2529
4946 3271
1571
1341
3044 4470
4887
4393
1518 1106
3408 2455
103 803
4654 928
2727 2487
870 360
2181 4866 1539 4203
2950 1905 691 4533
3058 606
1849 3515
3900 394
1294
3872 1829
5022 2811
753 2439
769 2245
3965 3625
3747 2152
853 2169
2163 2657
3072 5010
4692 144
3951 2963
2739 563
4676 3455
2209
890 3582
4064
4214 1025 894 4264
1949
2979
2963 2564
292 2201
2710 1006
1193 1090
4270 2511
3879 3489
2708 252
1437
4003
1027 1233
4228 5066 4041 2461 4618 4628 3358
598
1902 3959
4331 3362
605 1634 2879
3834 2729
2496 1451
1344 3470
2284 4842
478 3130
3895 3089
3296 422 820
3320
4444 42
1006 4174
1173
2945 2183
2371
78 1378
161 2528
1081 4052
2946 2796
1714 3951
867 1681
4838 3238
1943 3646
1515 3348
1209 1030
3443 980
906
952 2833
2661 5005
3245
169 573
3827 2465 2629 2915 3137 4215 1493 283 1174 3398
1227 281
3052
890 2731
4343 4580
4843 265
4148 1237
4673
2657 734
4036 3800
1393 2179 3004
428 471
1414 84
2122 175
4626 1488
5010
3057 4015 4985 934 77 1026 3311 1269
2114 2419
4060 2865
4874 2842
4203
2253 1408
3750 4262
298 1510
1268 4003
4840 594 1650 55 3955 1183 2123 1983 4235
1305 2155
586
980 2463
3008 4338
3078
4627
1905 3040
3920 3117
3950
2161 1000 3121 4188 40 1085 2006 3660 6 177 742 4340 2539 2749 4099 4859 1620 2100 1183
457 1594 4809 172 2762 4577
1991
1212
2638 4758
378 2580
4258 1640
1266 4979
1553 189
4774 4236
3964 821 583
518 4121
2002 2465 405 3913 4640 4802 1505 4168 3827 1493 1095 4346 951 3338
1732 2275
380 3839
3257 546 1720
595 671 3253 770
2819 2933
506 354
3670 2515
3775
398 98
566 1069
4749 2426 4644 2535 820 1634 1048 1535 2367 4037 2153 282 2785 3178 4468
2319 1544
5034 1634 4134 2897 3766 2076 1508
863 4541
3212 2058
2874
3632 1626
2245 4082
3213 1577
4193 2162
4212 3516
1501 1862
1873 4790
732 164
768 1414
552 1890
2634 2245
54 4941
2181 1097
1346 4334
1696 4965
1122 4757
5064 3860
2381 652 2975 3702 1151
833
326 1535
4357 130
1454 130
4808 1589 2578 2132 4880 1725
3337 5020
1641
170 4328
596 4209
1654 1631
2989
3896 2356
3243 4190
189
4563 1503 4121 1919
1315 4775
3445 2673
2071 880
1868
3648 4672
3504 2171 2957 4128 1131
42
5050 2502
66 3943
4682 345
499
3726 4537
2381 3177 4420
434 1205
4959 3020
4022 2459
4348 72
2655 1072
565 122
766 2423
3079 2871
2777 4817
2706 2554
4425 547 3070
2349 4391
3315 274
3754 1817
2384 538
757 1259
3794 4644
797 3229
4464 3195
3850 4525
4590 2621 263 3122 1365 170 397 3747 1644
1305
2816 4967
4827 210
2917 1857
2072 3582
496
4844
3144 2277
4432 2957
1175 4383 3401
3710 3407 1296
3505
3022 3449
140 3176
761
72 1975 3325 3284 2929 3942 551 581 4390
2110 1468
2757
149 3412
4500 658
3493 79
186 863
1526 4419
3731 1584 3898 2140 209
1163 3048
1860 3821
2906 3663
3827 1545
754
4257 479
4873
4686 3689
4082 4137
464 2033
1325 533
335 408 2618 4673 4245
4402
1878
3190
4197 3216
4960
4604 4203
1863 382
4952 17 4807 370 5010 4602 3361 1841 1449 1929 2114
4075 4172
4743 1535
1544 2681 1261
2498 4215
2894 888
2852 4281
4085 1905
2589 3793
4587 4613
2335 2193
1955 1966
2399 4746
4566 1000
307
5001 4252
3480 275 4708 4396 898 752
1647 827
3000
1869 1851
4917 3624
3197 4980
2042
3456 4829
3652 706
3742 2192
3094
2685 4389
1062
996
1715 2145
1704 2347
2740 833 2465
3626 4422
1941 3969
3463 1320
4872 3120
1866 4479
278
2752 3354
1418 188
1522 4308
4004 3888
210 3612
4570 1520
2281 4676
2648 1001
4369 1417
2805 4314
3091 136 4289 527 1631 3584 2875 2964 2088 46
3839 3051
363 4092
4809 3876
1703
4358
1311 2047
3571 2357
2708 2056
4735 2665 1833
1861 2768
3992 4335
3799 113
670 2388
1676 3668
1072 1311
3355 1008
1890 3584
3950 1402 398 604 1379 4076 4647 2794
3732 1812
5024
3070
667 4652
942 4947 718 132 4501 114
746 3996
1547 3305 2424 106 4972
2631 270
1231 2856 1759
4321 2604
3983 4277
4868 2677
4375 2649
1483 615
33 1510
547 2124 4288
2841 3691
4447 4824
53 3119
3020 1765
129 2032
1595 4826
4307
423
1668 1909
563 3108
1274 1048
3298 3568 921 4442 4587 2844 2886
2190 2917
2802
2730 1435
3007
3790 4437
4579 4874
558 2012 4571 4147 985 4634
5065 4895
1710 4653
1451 2071 8 3174 4494 3488 1304 4627 1755 4427 3753 3444
3113 3725
2469 2425
807
3059 2445
4821
3591 3408
3013 3792
1344 1103
2095 2752
232 1776
1757
4667 960
2657
1195 1001
99 567
3904 3920
3088 4296
14 3686
1478 3654
1639 4081
108 564 4550 2354 4226
1891 2258
4090 570
300 675
4704 1333
3856 3126
3219 3756
3627 457
550 803
1692 3328
389
116 499 4379
146 5057
3558 2503
851 1904
287 1307
4620 3391
3222 1273
2368 1122
3134 3373
1172 1068
156 2971
1698 2348
1392 4844
3949 2479
5091
4447
3161 2465
224
2695 2707
2978 525
4033 628
3211 4318 2026 3900
358 4947 4414
2734 4504
2032 5096
3244 4502 1915 3702
5011 4588
2613 3639
1862 2041
2552
3169 1665
1816 3717
1348 2879 773
3332 853
4068 4664
3030 531
1265 1067
1542 2029
609
3498 2472
2178
2400 2577
2761 2831
1110 3461
191 4073
3763 595
4297 1451
2383
3707 2403
2198 220
2951 119
3829 2396
1690 3683
2566
4100 465
794 4605 2309
3834
1634 136 761
4276 3006
1339 114 4598
1788 2006
5095 5025
4229 2205
4812 720
2309
3204 3068
671 4745
2379 3712
2186 4844
2522 901
3964 1290
1283 3062 4468
105 2522
2397 2412
1811 2504
341
1401 1809
3542 2908
1000 2681
2031 3791
2630 945
5040
2136 1394 3697
3098 4079
4264 1704
3718 2337
3816 2799
4355
1045
4844 1566
409 2746
4386 198
4634 3857 4444
1854 2635
842 1350
3281 2877
2279 867
1175 4841
4204
1087 2540
4443
3532 2998 4172
1462 824
3549 4970
2854 390
3777 4668
925 1405
1559
4351 4437
4505 2066
1080 529 2020
4298
2440 2197
3512 2907
2410
1947 482
2759 3702
1170 587
1742 4009 2342
4753 4538
2825 1810
2873 3191
3699 1059
4722 5010 4342
1793 1563 1140
4340
4534
2221
2845 1629 1236
2834
4043 1152
568 2455
1422
2182 4703
4351 1886
662 4693
456
339
1453 1686 961 1917
554 4134
1686 222 4062 3093 3050 3320 2864
2053 4484
317 2217
4035 2501
3582 3324
1291
3441 343
3243 4182
4447 4199
2486 4134
1520
4718 1846
1029 608
5058 4792 2287 1183 76 1688
4714 4708
4571 4444
17 653
1530 2626
4713 2995
1177 216
1903 4846
2265 4215 996 1717 5025 2713 4698
431 4971
3639 1387
2537 3637
4226 4294 4037 545
61 1882
649 3134
4409 2643
715 1055 3808 2292 512 2243
196
1522 1175
4967 4938
4413 2170
1311 5022 2669 4446 1889 1300
4096 3315
488
1915
2797 4686
2998 1995
1311 1149
3946 2473
169 1048 4016 2757 1492 2703 1885 1428
1959
2712 2357
1140 4513 2619 1938 1770
2973
3482 4807 2569
1967 4459
4584 2499
415 2167
2933 1657
3436 908 2579
4269 2323
4334 4175
1853
1606 2153
4387 4117
3668 3157
5082 1450
4913 1905
4019 2225
182 4871
4274 3970
4752 474
1709 2044
4697
3964 671 3702 76 1366 2191 4330 4657 651 3234 2983 1915
2824
215 2532
2241
4936 721 499 3233
4929 4977
1684 4114
4614 4809
1689 3012
190 3088
671 3300
1664 4685
1911 4640
852
876 3903
1665 1414
866 1783
4612
5034 4472
2266 511
258 1348
2360 49
2930 4987 1759 4358 4633 3873 5007 898
860 1939
479
3547 426
3640 3493 4998
2382 4637
4633 3037
3065 4766
437 1066
350 644
5006 4630
3893 2535
1592 2905
278 3214
4602 1839
1318
1607 3298
1445 147
1632 346
1046 1727
324 3555
779
5043
3694
1465 3775
3141
456 2766
3247 4400 3316
2650 2660
2014 447
421 2089
3445
2309
800 2500
1924 3066
4344 1649
3706
4545 5079
4354 4752
3765 804
72 1776
4226 2895 725 2367
1292 1416
1063 1
4746 4683
4598 3175
889 870
1934
1958 1791
4247 4891
4207 4049
1005 2242
1443
75
151
1865 3233
1036 173
772 3574
4715
873 3832
1745 1219
3800 3874
3911 1169
2020 424
2010 406 2196
783 1012
4212 4986
4265 3173
2394
74 2073
2809 2430
1184 1255
2540 1539
1812
2917 2093
5067
2688 3702
1714 1205 3316 2426 3068 2948 1407 844
944 1678
2638 2334
2034 2795
1608
4238 3115
1009 3497
4632
803
200
1466 2596
1272 70
2799 2099 1140 1166 931 3197
1040
381 2939
3802 3988
76 2737
2467 4215
2920 2928
4028 3954
940 39
4981 3140
4666 2845 4342 3482 370 2129 2094 3934
4254 2971 5086 2321 296
1689 457 4204 1659 2141 3601 4394 4693 2102 958 3930 2497 912 414
3764 115
1826
501 4542
230
2372
139 2920
2147 123
4286
4905 5016
2581
4919
4452 1118
3952 3287
3564 2715
4427 787
3303 2231
4431 494
1726 210 4301 1527
2811
4365 2055
2186
512 2292
2562 349
1736
2476 322
2742 3784
3594 4915 1806 3914 1511
1807 4854
761 136 4158 2007 1347
1039
4193 4074
4576
1933 4843 4142 2960 822
2864 585 4842 4173 2351 3041 3429
72 3342 2611 4568 1552 1040 1580 4305 4491 3226 135 3995 4547
3270 2680
4639 1143
3031 1879
3518 3824 3805
2723 2357
3667 3883
3990 3860
1516 1395
3992 3550
95 4837 2272 461 2625 3614 963 3147 2823 2105 406
2575 926
1467 1160
2082
3984
4203 3704 3043
2518 2099
2933 726
2898 965
823
428
3103 80
1982 4099
3377 2481
1067 4421
1096
731 3276 3670 3908 2847 1578 3484
4681 2476
631 4978 4378 621 3
4329 57
4443 4187
4078 470
4058 3601
1644 2735
26
3189 3067
2417 2953 4254 2132 3979 2753 1292 2804 498
1015 493
1972 500
3255 3263
3788 2228
2865 3800
1434 36
4091 2537
2017 1536
3933 3570
240 2111
4757 356
1658 761
1614
1943 2906
4445
3516
136
2924 2406
2542
2074 1047
2787
751 575 3673 1254 1643 273
3462 1638
3268 530
1662 4818
3763 5075
1002 2719
1602 3310
3723 1205
543 1021
1624
1206 4927
472 4679
3307 1240
16 4836
117
3142 4362
3153 3710 3225
1854 4820
4054 751
591 3095
456 3445
398 1887
398
7
3917 760
998 4912 561
1415 549
1414 3709 4691
3025 3344
3176 352
1169 1773
2933 193
838 3138
1017 610
2684 4690
4046 2955
4651 251
2261 2478
724 2072
4243 2884
1701 1945
3086 1915 2662
2001 2812
1566 707
268 4087
4501 4414
609 1135
3096
1183 524
2424 3535
2513 4342 452 1921 3992 2878 2114 3910
2374 1348
3256 1942
675 1018
2119 1892
484 2678
145 2435
4279
3887 2159 4339
345 1412
1284 4068
2687 805
1152 3446
1402 4246
1875 1840
4300 4651
1695
991 2557 2391 1796 2966 1215
671 4582 3552
3665 4641
4007 4416 3561
3607
1168
2496
2682 1389
4691 3709
2465 2002 4872 1843 2691 2612 806 3600 2466 2069
4210 955
4363
2986 4806
2426
1432 1213
1267 832
1159 4184
4774 3228
4708 413
2177 1496
1805 3399
1566
549 1607
2157 2873
3968 803
2192
76
4072 2083
211 279
443 634 4712
1483 453
2377 1361
4357 400 2535
1406 3739
323
2139
4165 3309
2143 4718
4708 1088
1089 145
1929
4342 17 4602 4113 1064 3708 4183
3678 4505
2568 836
924 2005
1018 3469 17 815
3609 2324
4818
56 2917
286 65
802 1184
4255 1568
2895 3202 281 2782 1863 2642
4653 4106
1455
4411 3518
4540 4640
2810 163
1329 2407
477 4057
1513 637
1877 1689
1118
1528 3976
1959 3086
4228 1182 4704
839
1007 2401 3636
3443
2471 4071
2514 1414
4560 277
206 1797
2900 2996
1641 4730
2387
1311 3761
2714 2650
3394 1011
2587
2426 1778
4272 3556
1910
1524 3027
3848 1150
3536 1930
3198
979 3836
4480 4014
4632 1688 1101 3416
3512 1485
2338 740
1523
2934 3024
1693 1043
968 4248
326 4445
4134 136
425 4783
43 1202
3014 3133
3123 3016
2363 2138
15 1786
887 3463
36 2842
4906 1976
457 3434
3682 2638
1436 1595
4745 3549
2245 2720
2137 2149
3205 2065 3834 1953 3077 4678 1802
342 387
648 3701
759 1581
4808 3191 940 2064
1881 3264
2330 2328
3535 3343
3344 90
3736 4493
1371 2001
2438 2728
838 1419
777 4540
4503
2854
