5237
0 0|1384 1384
1 1|138 138
2 2|2055 2055
3 3|2002 2002
4 4|2002 2002
5 5|1494 1494
6 6|1384 1384
7 7|4702 4702
8 8|876 876
9 9|3693 3693
10 10|175 175
11 11|138 138
12 12|876 876
13 13|1735 1735
14 14|2002 2002
15 15|4600 4600
16 16|138 138
17 17|4702 4702
18 18|1735 1735
19 19|4702 4702
20 20|3693 3693
21 21|2002 2002
22 22|3882 3882
23 23|2055 2055
24 24|138 138
25 25|1525 1525
26 26|3693 3693
27 27|2916 2916
28 28|2055 2055
29 29|1494 1494
30 30|1735 1735
31 31|2916 2916
32 32|1384 1384
33 33|876 876
34 34|3538 3538
35 35|1384 1384
36 36|3425 3425
37 37|3425 3425
38 38|2055 2055
39 39|175 175
40 40|3882 3882
41 41|4702 4702
42 42|1384 1384
43 43|3538 3538
44 44|876 876
45 45|4702 4702
46 46|2605 2605
47 47|3425 3425
48 48|1735 1735
49 49|876 876
50 50|175 175
51 51|2002 2002
52 52|2605 2605
53 53|876 876
54 54|2002 2002
55 55|1384 1384
56 56|3538 3538
57 57|2055 2055
58 58|3882 3882
59 59|3425 3425
60 60|1525 1525
61 61|3425 3425
62 62|3425 3425
63 63|1735 1735
64 64|2055 2055
65 65|876 876
66 66|1525 1525
67 67|4702 4702
68 68|2002 2002
69 69|1525 1525
70 70|3882 3882
71 71|3538 3538
72 72|2055 2055
73 73|4702 4702
74 74|2002 2002
75 75|2916 2916
76 76|175 175
77 77|2002 2002
78 78|175 175
79 79|2916 2916
80 80|3538 3538
81 81|2055 2055
82 82|876 876
83 83|1735 1735
84 84|2916 2916
85 85|1735 1735
86 86|4395 4395
87 87|3538 3538
88 88|3882 3882
89 89|1494 1494
90 90|2055 2055
91 91|1494 1494
92 92|2002 2002
93 93|4702 4702
94 94|4702 4702
95 95|2055 2055
96
97 97|3693 3693
98 98|3538 3538
99 99|3425 3425
100 100|2002 2002
101 101|1494 1494
102 102|4600 4600
103 103|4395 4395
104 104|876 876
105 105|175 175
106 106|1384 1384
107 107|1494 1494
108 108|1525 1525
109 109|3693 3693
110 110|876 876
111 111|3538 3538
112 112|3538 3538
113 113|3882 3882
114 114|4600 4600
115 115|2055 2055
116 116|4702 4702
117 117|138 138
118 118|1384 1384
119 119|4702 4702
120 120|2055 2055
121 121|2916 2916
122 122|1384 1384
123 123|2605 2605
124 124|3693 3693
125 125|1525 1525
126 126|3882 3882
127 127|138 138
128 128|2055 2055
129 129|4600 4600
130
131 131|1525 1525
132 132|4600 4600
133 133|1384 1384
134 134|2605 2605
135 135|4600 4600
136 136|1735 1735
137 137|1494 1494
138
139 139|3425 3425
140 140|1525 1525
141 141|4702 4702
142 142|4600 4600
143 143|138 138
144 144|2916 2916
145 145|4395 4395
146 146|138 138
147 147|1384 1384
148 148|3425 3425
149 149|2605 2605
150 150|2002 2002
151 151|175 175
152 152|2002 2002
153 153|876 876
154 154|876 876
155 155|4395 4395
156 156|876 876
157 157|4702 4702
158 158|1494 1494
159 159|1494 1494
160 160|4395 4395
161 161|4702 4702
162 162|1525 1525
163 163|2055 2055
164 164|4600 4600
165 165|3693 3693
166 166|1735 1735
167 167|4702 4702
168 168|1735 1735
169 169|2605 2605
170 170|3538 3538
171 171|3425 3425
172 172|3882 3882
173 173|4600 4600
174 174|3882 3882
175
176 176|1384 1384
177 177|2002 2002
178 178|2002 2002
179 179|876 876
180 180|2916 2916
181 181|138 138
182 182|4702 4702
183 183|2002 2002
184 184|2002 2002
185 185|138 138
186 186|876 876
187 187|175 175
188 188|2002 2002
189 189|876 876
190 190|175 175
191 191|2916 2916
192 192|876 876
193 193|4600 4600
194 194|2002 2002
195 195|2055 2055
196
197 197|4395 4395
198 198|1735 1735
199 199|4702 4702
200 200|1494 1494
201 201|4395 4395
202 202|2002 2002
203 203|4395 4395
204 204|3693 3693
205 205|1735 1735
206 206|1384 1384
207 207|1384 1384
208 208|3693 3693
209 209|3425 3425
210 210|3693 3693
211 211|3693 3693
212 212|3882 3882
213 213|175 175
214 214|1384 1384
215 215|175 175
216 216|3538 3538
217 217|2916 2916
218
219 219|1384 1384
220 220|2002 2002
221 221|1735 1735
222 222|1735 1735
223 223|4702 4702
224 224|3882 3882
225 225|1494 1494
226 226|3693 3693
227 227|1525 1525
228 228|2055 2055
229 229|3882 3882
230 230|2002 2002
231 231|876 876
232 232|3882 3882
233 233|4702 4702
234 234|1384 1384
235 235|175 175
236 236|4702 4702
237 237|138 138
238 238|876 876
239 239|2002 2002
240 240|1525 1525
241 241|3693 3693
242 242|4395 4395
243 243|4395 4395
244 244|1735 1735
245 245|3538 3538
246 246|175 175
247 247|1525 1525
248 248|3538 3538
249 249|138 138
250 250|3538 3538
251 251|2055 2055
252 252|3882 3882
253 253|2605 2605
254 254|3693 3693
255 255|4702 4702
256 256|4395 4395
257 257|1494 1494
258 258|1735 1735
259 259|2605 2605
260 260|1735 1735
261 261|175 175
262 262|4702 4702
263 263|175 175
264 264|2916 2916
265 265|175 175
266 266|175 175
267 267|4395 4395
268 268|4600 4600
269 269|4600 4600
270 270|1525 1525
271 271|175 175
272 272|4600 4600
273 273|876 876
274 274|1525 1525
275 275|876 876
276 276|876 876
277 277|2002 2002
278 278|3538 3538
279 279|1384 1384
280 280|2002 2002
281 281|175 175
282 282|876 876
283 283|3693 3693
284 284|4600 4600
285 285|2916 2916
286 286|2055 2055
287 287|1735 1735
288 288|2916 2916
289 289|2002 2002
290 290|2055 2055
291 291|3538 3538
292 292|1494 1494
293 293|2605 2605
294 294|3882 3882
295 295|2916 2916
296 296|876 876
297 297|138 138
298 298|3882 3882
299
300 300|1384 1384
301 301|876 876
302 302|4702 4702
303 303|1735 1735
304 304|4600 4600
305 305|2055 2055
306 306|1494 1494
307 307|3425 3425
308 308|876 876
309 309|2002 2002
310 310|3425 3425
311 311|2605 2605
312 312|1525 1525
313 313|3882 3882
314 314|4702 4702
315 315|2605 2605
316 316|4600 4600
317 317|138 138
318 318|4702 4702
319 319|2605 2605
320 320|1384 1384
321 321|1494 1494
322 322|2055 2055
323 323|1384 1384
324 324|1384 1384
325 325|4702 4702
326 326|1494 1494
327 327|2055 2055
328 328|2605 2605
329 329|1735 1735
330 330|2916 2916
331 331|1735 1735
332 332|2055 2055
333 333|4600 4600
334 334|4395 4395
335 335|2055 2055
336 336|175 175
337 337|876 876
338 338|3693 3693
339 339|2055 2055
340 340|175 175
341 341|138 138
342 342|2916 2916
343 343|1494 1494
344 344|2055 2055
345 345|1525 1525
346 346|3882 3882
347 347|4702 4702
348 348|3693 3693
349 349|4702 4702
350 350|138 138
351 351|1384 1384
352 352|876 876
353 353|1494 1494
354 354|4702 4702
355 355|175 175
356 356|3425 3425
357 357|4702 4702
358 358|1494 1494
359 359|3693 3693
360 360|1494 1494
361 361|175 175
362 362|2605 2605
363 363|3425 3425
364 364|175 175
365 365|3425 3425
366 366|1735 1735
367 367|2002 2002
368 368|1384 1384
369 369|3425 3425
370 370|4702 4702
371 371|3693 3693
372 372|1494 1494
373 373|2002 2002
374 374|1525 1525
375 375|1525 1525
376 376|3693 3693
377 377|138 138
378 378|1525 1525
379 379|2916 2916
380 380|3693 3693
381 381|2002 2002
382 382|2055 2055
383 383|1525 1525
384 384|1384 1384
385 385|3538 3538
386 386|175 175
387 387|4395 4395
388 388|2002 2002
389 389|1735 1735
390 390|3882 3882
391 391|3425 3425
392 392|2605 2605
393 393|2002 2002
394 394|2002 2002
395 395|138 138
396 396|1735 1735
397 397|3538 3538
398 398|2916 2916
399 399|2055 2055
400 400|876 876
401 401|2055 2055
402 402|3425 3425
403 403|4600 4600
404 404|3538 3538
405 405|4702 4702
406 406|2916 2916
407 407|138 138
408 408|1384 1384
409 409|2055 2055
410 410|1525 1525
411 411|2055 2055
412 412|175 175
413 413|1384 1384
414 414|3693 3693
415 415|3425 3425
416 416|2916 2916
417 417|3693 3693
418 418|4600 4600
419 419|1384 1384
420 420|3538 3538
421 421|1735 1735
422 422|2055 2055
423 423|175 175
424 424|3693 3693
425 425|138 138
426 426|4600 4600
427 427|4702 4702
428 428|1735 1735
429 429|3425 3425
430 430|3693 3693
431 431|876 876
432 432|2916 2916
433 433|2916 2916
434 434|1384 1384
435 435|2605 2605
436 436|4600 4600
437 437|2605 2605
438 438|3693 3693
439
440 440|2916 2916
441 441|3538 3538
442 442|2605 2605
443 443|4702 4702
444 444|1494 1494
445 445|1735 1735
446 446|3693 3693
447 447|3538 3538
448 448|1525 1525
449 449|2605 2605
450 450|3538 3538
451 451|4702 4702
452 452|138 138
453 453|2605 2605
454 454|2605 2605
455 455|1735 1735
456 456|3693 3693
457 457|2916 2916
458 458|3882 3882
459 459|3882 3882
460 460|3882 3882
461 461|1735 1735
462 462|4600 4600
463 463|4395 4395
464 464|1525 1525
465 465|876 876
466 466|2605 2605
467 467|4600 4600
468 468|2916 2916
469 469|876 876
470 470|2002 2002
471 471|2605 2605
472 472|2002 2002
473
474 474|1735 1735
475 475|1494 1494
476 476|138 138
477 477|175 175
478 478|2002 2002
479 479|4395 4395
480 480|876 876
481 481|3882 3882
482 482|3693 3693
483 483|1735 1735
484 484|3538 3538
485 485|4395 4395
486 486|3538 3538
487 487|2002 2002
488 488|1494 1494
489 489|138 138
490 490|1384 1384
491 491|3693 3693
492 492|2002 2002
493 493|1525 1525
494 494|4600 4600
495 495|3882 3882
496 496|175 175
497 497|4702 4702
498 498|2002 2002
499 499|1384 1384
500 500|3882 3882
501 501|1494 1494
502 502|3882 3882
503 503|4600 4600
504 504|4702 4702
505 505|2916 2916
506 506|3882 3882
507 507|4600 4600
508 508|3693 3693
509 509|4702 4702
510 510|3882 3882
511 511|1525 1525
512 512|4395 4395
513 513|3882 3882
514 514|2055 2055
515 515|2002 2002
516 516|2055 2055
517 517|4600 4600
518 518|4395 4395
519 519|2002 2002
520 520|2055 2055
521 521|3882 3882
522 522|876 876
523 523|2605 2605
524 524|2002 2002
525 525|2055 2055
526 526|2916 2916
527 527|2916 2916
528 528|4702 4702
529 529|876 876
530 530|1494 1494
531 531|1494 1494
532 532|2002 2002
533 533|3538 3538
534 534|1494 1494
535
536 536|1735 1735
537 537|876 876
538 538|3693 3693
539
540 540|3693 3693
541 541|2916 2916
542 542|4702 4702
543 543|3882 3882
544 544|3693 3693
545 545|175 175
546 546|1735 1735
547 547|3693 3693
548 548|3538 3538
549 549|138 138
550 550|3538 3538
551 551|4395 4395
552 552|138 138
553 553|3425 3425
554 554|2605 2605
555 555|3538 3538
556 556|3693 3693
557 557|4702 4702
558 558|4702 4702
559 559|2002 2002
560 560|4395 4395
561 561|2002 2002
562 562|2055 2055
563 563|3693 3693
564 564|4395 4395
565 565|138 138
566 566|3538 3538
567 567|2916 2916
568 568|3538 3538
569 569|1525 1525
570 570|3882 3882
571 571|1494 1494
572 572|4702 4702
573 573|138 138
574 574|3538 3538
575 575|138 138
576 576|876 876
577 577|3693 3693
578 578|1494 1494
579 579|3882 3882
580 580|1525 1525
581 581|175 175
582 582|2055 2055
583 583|3538 3538
584 584|2916 2916
585 585|1735 1735
586 586|3882 3882
587 587|2916 2916
588 588|2916 2916
589 589|3538 3538
590 590|2055 2055
591 591|3693 3693
592 592|2055 2055
593 593|876 876
594 594|4395 4395
595 595|138 138
596 596|4702 4702
597 597|175 175
598 598|3425 3425
599 599|2002 2002
600 600|876 876
601 601|175 175
602 602|138 138
603 603|2002 2002
604 604|1735 1735
605 605|138 138
606 606|1494 1494
607 607|2002 2002
608 608|1494 1494
609 609|4395 4395
610 610|1384 1384
611 611|1735 1735
612 612|3882 3882
613 613|2055 2055
614 614|3425 3425
615 615|1525 1525
616 616|1384 1384
617 617|1525 1525
618 618|2605 2605
619 619|1384 1384
620 620|138 138
621 621|2605 2605
622 622|3538 3538
623 623|3538 3538
624 624|1735 1735
625 625|876 876
626 626|2002 2002
627 627|1384 1384
628 628|2605 2605
629 629|1384 1384
630 630|175 175
631 631|3425 3425
632 632|4702 4702
633 633|3693 3693
634 634|3425 3425
635 635|876 876
636 636|4600 4600
637 637|2916 2916
638 638|138 138
639 639|3693 3693
640 640|4395 4395
641 641|1384 1384
642 642|3693 3693
643 643|3425 3425
644 644|3882 3882
645 645|1494 1494
646 646|3693 3693
647 647|1525 1525
648 648|4600 4600
649 649|2055 2055
650 650|4702 4702
651 651|4395 4395
652 652|3882 3882
653 653|3693 3693
654 654|2055 2055
655 655|2916 2916
656 656|2002 2002
657 657|876 876
658 658|2055 2055
659 659|3882 3882
660 660|2002 2002
661 661|3882 3882
662 662|3538 3538
663 663|2916 2916
664 664|138 138
665 665|4395 4395
666 666|2916 2916
667 667|1525 1525
668 668|4395 4395
669 669|1735 1735
670 670|3425 3425
671 671|2055 2055
672
673 673|2916 2916
674 674|2055 2055
675 675|2055 2055
676 676|4702 4702
677
678 678|138 138
679 679|4600 4600
680 680|1735 1735
681 681|876 876
682 682|2002 2002
683 683|3693 3693
684 684|4395 4395
685 685|4702 4702
686 686|2002 2002
687 687|4395 4395
688 688|4395 4395
689 689|3882 3882
690 690|138 138
691 691|876 876
692 692|2605 2605
693 693|2002 2002
694 694|3538 3538
695 695|2002 2002
696 696|2605 2605
697 697|3425 3425
698 698|4395 4395
699 699|4702 4702
700 700|4600 4600
701 701|3425 3425
702 702|3693 3693
703 703|4702 4702
704 704|2916 2916
705 705|3425 3425
706 706|3882 3882
707 707|2055 2055
708 708|2605 2605
709 709|2055 2055
710 710|2002 2002
711 711|1384 1384
712 712|1735 1735
713 713|2916 2916
714 714|1384 1384
715 715|4702 4702
716 716|1525 1525
717 717|1735 1735
718 718|1735 1735
719 719|4395 4395
720 720|2055 2055
721 721|4600 4600
722 722|2605 2605
723
724 724|1384 1384
725 725|1735 1735
726 726|2605 2605
727 727|2002 2002
728 728|3425 3425
729 729|1525 1525
730 730|2605 2605
731 731|138 138
732 732|4702 4702
733 733|1494 1494
734 734|2055 2055
735 735|175 175
736 736|175 175
737 737|4702 4702
738 738|2605 2605
739 739|1494 1494
740 740|4395 4395
741 741|1384 1384
742 742|138 138
743 743|2605 2605
744 744|4395 4395
745 745|4395 4395
746 746|3882 3882
747 747|2916 2916
748 748|1525 1525
749 749|175 175
750 750|2055 2055
751 751|4395 4395
752 752|1384 1384
753 753|876 876
754 754|3538 3538
755 755|4395 4395
756 756|876 876
757 757|175 175
758 758|1494 1494
759 759|1494 1494
760 760|2605 2605
761 761|876 876
762 762|2002 2002
763 763|1384 1384
764 764|4702 4702
765 765|3693 3693
766 766|2002 2002
767 767|4600 4600
768 768|3538 3538
769 769|3882 3882
770 770|3882 3882
771 771|2605 2605
772 772|3693 3693
773 773|2605 2605
774 774|175 175
775 775|1384 1384
776 776|1735 1735
777 777|1735 1735
778 778|2055 2055
779 779|876 876
780 780|1525 1525
781 781|2002 2002
782 782|1525 1525
783 783|4702 4702
784 784|876 876
785 785|1525 1525
786 786|138 138
787 787|3693 3693
788 788|3882 3882
789 789|4395 4395
790 790|2605 2605
791 791|175 175
792 792|2002 2002
793 793|2605 2605
794 794|2605 2605
795 795|3882 3882
796 796|876 876
797 797|2002 2002
798 798|2055 2055
799 799|1735 1735
800 800|3693 3693
801 801|1384 1384
802 802|4702 4702
803 803|2002 2002
804 804|1494 1494
805 805|2055 2055
806 806|1494 1494
807 807|876 876
808 808|175 175
809 809|1525 1525
810 810|2605 2605
811 811|2605 2605
812 812|3882 3882
813 813|1384 1384
814 814|3882 3882
815 815|2605 2605
816 816|3538 3538
817 817|2055 2055
818 818|4600 4600
819 819|4702 4702
820 820|4395 4395
821 821|3882 3882
822 822|876 876
823 823|175 175
824 824|3693 3693
825 825|2916 2916
826 826|2055 2055
827 827|138 138
828 828|876 876
829 829|2002 2002
830 830|138 138
831 831|2055 2055
832 832|175 175
833 833|1525 1525
834 834|4395 4395
835 835|4600 4600
836 836|3882 3882
837 837|2055 2055
838 838|1525 1525
839 839|3693 3693
840 840|4395 4395
841 841|876 876
842 842|4395 4395
843 843|3425 3425
844 844|3693 3693
845 845|2916 2916
846 846|2916 2916
847 847|1384 1384
848 848|1525 1525
849 849|2916 2916
850 850|3693 3693
851 851|4395 4395
852 852|2605 2605
853 853|3538 3538
854 854|4702 4702
855 855|175 175
856 856|3882 3882
857 857|876 876
858 858|2916 2916
859 859|2055 2055
860 860|2916 2916
861 861|1384 1384
862 862|3538 3538
863 863|4600 4600
864 864|138 138
865 865|4702 4702
866 866|3882 3882
867 867|3693 3693
868 868|175 175
869 869|1735 1735
870 870|4600 4600
871 871|3425 3425
872 872|4395 4395
873 873|3882 3882
874 874|175 175
875 875|1735 1735
876
877 877|2055 2055
878 878|4702 4702
879 879|1494 1494
880 880|2605 2605
881 881|3882 3882
882 882|4395 4395
883 883|1384 1384
884 884|138 138
885 885|2002 2002
886 886|1525 1525
887 887|2605 2605
888 888|4702 4702
889 889|138 138
890 890|4702 4702
891 891|3693 3693
892 892|876 876
893 893|2002 2002
894 894|1384 1384
895 895|3882 3882
896 896|1384 1384
897 897|1494 1494
898 898|4395 4395
899 899|2605 2605
900 900|4600 4600
901 901|2055 2055
902 902|3693 3693
903 903|4395 4395
904 904|4395 4395
905 905|2002 2002
906 906|3882 3882
907 907|4702 4702
908 908|1494 1494
909 909|3538 3538
910 910|1735 1735
911 911|4600 4600
912 912|1494 1494
913 913|876 876
914 914|2055 2055
915 915|3693 3693
916 916|2916 2916
917 917|4600 4600
918 918|2055 2055
919 919|138 138
920 920|2605 2605
921 921|2605 2605
922 922|4395 4395
923 923|1494 1494
924 924|3882 3882
925 925|4702 4702
926 926|4395 4395
927 927|3425 3425
928 928|2916 2916
929 929|4702 4702
930 930|4702 4702
931 931|3538 3538
932 932|3882 3882
933 933|2916 2916
934 934|1735 1735
935 935|2002 2002
936 936|3538 3538
937 937|2002 2002
938 938|3693 3693
939 939|175 175
940 940|2916 2916
941 941|4395 4395
942 942|3538 3538
943 943|3538 3538
944 944|1494 1494
945 945|4395 4395
946 946|175 175
947 947|1494 1494
948 948|4600 4600
949 949|2916 2916
950 950|1384 1384
951 951|3882 3882
952 952|1384 1384
953
954 954|4600 4600
955 955|3882 3882
956 956|138 138
957 957|1494 1494
958 958|3693 3693
959 959|1494 1494
960 960|876 876
961 961|4395 4395
962 962|2055 2055
963 963|2916 2916
964 964|3538 3538
965 965|876 876
966 966|2916 2916
967 967|4702 4702
968 968|3538 3538
969 969|2916 2916
970 970|4395 4395
971 971|4702 4702
972 972|175 175
973 973|876 876
974 974|2002 2002
975 975|2605 2605
976 976|2002 2002
977 977|876 876
978 978|3693 3693
979 979|1384 1384
980 980|1384 1384
981 981|3882 3882
982 982|1525 1525
983 983|2605 2605
984 984|138 138
985 985|175 175
986 986|2916 2916
987 987|175 175
988 988|2605 2605
989 989|3425 3425
990 990|3425 3425
991 991|3693 3693
992 992|1494 1494
993 993|2002 2002
994 994|4600 4600
995 995|3693 3693
996 996|1525 1525
997 997|1525 1525
998 998|1525 1525
999 999|876 876
1000 1000|3538 3538
1001 1001|2002 2002
1002 1002|4395 4395
1003 1003|1494 1494
1004 1004|2002 2002
1005 1005|3882 3882
1006 1006|2055 2055
1007 1007|3882 3882
1008 1008|2055 2055
1009 1009|138 138
1010 1010|3882 3882
1011 1011|2605 2605
1012 1012|4702 4702
1013 1013|1525 1525
1014 1014|876 876
1015 1015|3882 3882
1016 1016|3425 3425
1017 1017|2605 2605
1018 1018|3693 3693
1019 1019|2055 2055
1020 1020|3882 3882
1021 1021|2605 2605
1022 1022|1735 1735
1023 1023|3538 3538
1024 1024|4395 4395
1025 1025|1384 1384
1026 1026|2002 2002
1027 1027|3538 3538
1028 1028|3425 3425
1029 1029|2605 2605
1030 1030|2605 2605
1031 1031|138 138
1032 1032|3538 3538
1033 1033|2055 2055
1034 1034|138 138
1035
1036 1036|175 175
1037 1037|4395 4395
1038 1038|2605 2605
1039 1039|2002 2002
1040 1040|3425 3425
1041 1041|2002 2002
1042 1042|1735 1735
1043 1043|2055 2055
1044 1044|1494 1494
1045 1045|1384 1384
1046 1046|175 175
1047 1047|2605 2605
1048 1048|3882 3882
1049 1049|175 175
1050 1050|3425 3425
1051 1051|1494 1494
1052 1052|876 876
1053 1053|2605 2605
1054 1054|2916 2916
1055 1055|3693 3693
1056 1056|1525 1525
1057 1057|1735 1735
1058 1058|1494 1494
1059 1059|4702 4702
1060 1060|3425 3425
1061 1061|4600 4600
1062 1062|4600 4600
1063 1063|2055 2055
1064 1064|1525 1525
1065 1065|2055 2055
1066 1066|4395 4395
1067 1067|2605 2605
1068 1068|2916 2916
1069 1069|1384 1384
1070 1070|3882 3882
1071 1071|876 876
1072 1072|1494 1494
1073 1073|2002 2002
1074
1075 1075|3538 3538
1076 1076|4702 4702
1077 1077|3425 3425
1078 1078|876 876
1079 1079|3538 3538
1080 1080|138 138
1081 1081|2055 2055
1082 1082|4702 4702
1083 1083|1384 1384
1084 1084|3882 3882
1085 1085|3425 3425
1086 1086|2055 2055
1087 1087|3538 3538
1088 1088|3425 3425
1089
1090 1090|1384 1384
1091 1091|2002 2002
1092 1092|4395 4395
1093 1093|138 138
1094
1095 1095|4702 4702
1096 1096|2916 2916
1097 1097|2002 2002
1098 1098|876 876
1099 1099|3882 3882
1100 1100|2605 2605
1101 1101|3693 3693
1102 1102|1384 1384
1103 1103|1494 1494
1104 1104|175 175
1105 1105|175 175
1106 1106|2605 2605
1107 1107|4395 4395
1108 1108|1384 1384
1109 1109|1384 1384
1110 1110|2002 2002
1111 1111|4702 4702
1112 1112|1494 1494
1113 1113|3538 3538
1114 1114|3882 3882
1115 1115|3425 3425
1116 1116|4702 4702
1117 1117|3693 3693
1118 1118|1494 1494
1119 1119|3693 3693
1120 1120|1384 1384
1121 1121|4395 4395
1122 1122|3693 3693
1123 1123|2055 2055
1124 1124|175 175
1125 1125|3425 3425
1126 1126|1735 1735
1127 1127|3882 3882
1128 1128|3882 3882
1129 1129|2002 2002
1130 1130|3425 3425
1131 1131|1384 1384
1132 1132|3425 3425
1133 1133|4702 4702
1134 1134|3425 3425
1135 1135|175 175
1136
1137 1137|3538 3538
1138 1138|2055 2055
1139 1139|1735 1735
1140 1140|1384 1384
1141 1141|3882 3882
1142 1142|876 876
1143 1143|1735 1735
1144 1144|138 138
1145 1145|175 175
1146 1146|2916 2916
1147 1147|2002 2002
1148 1148|1494 1494
1149 1149|1735 1735
1150 1150|876 876
1151 1151|4702 4702
1152 1152|1735 1735
1153 1153|1735 1735
1154 1154|2002 2002
1155 1155|2916 2916
1156 1156|1494 1494
1157 1157|138 138
1158 1158|2055 2055
1159 1159|1494 1494
1160 1160|1494 1494
1161 1161|4702 4702
1162 1162|2055 2055
1163 1163|1525 1525
1164 1164|1384 1384
1165 1165|138 138
1166 1166|1494 1494
1167 1167|138 138
1168 1168|3425 3425
1169 1169|2002 2002
1170 1170|2916 2916
1171 1171|138 138
1172 1172|1525 1525
1173 1173|2055 2055
1174 1174|175 175
1175 1175|1494 1494
1176 1176|3693 3693
1177 1177|4600 4600
1178 1178|1384 1384
1179 1179|876 876
1180 1180|4395 4395
1181 1181|3882 3882
1182 1182|3425 3425
1183 1183|4600 4600
1184 1184|1384 1384
1185 1185|3882 3882
1186 1186|4600 4600
1187 1187|2002 2002
1188 1188|175 175
1189 1189|4600 4600
1190 1190|2605 2605
1191 1191|3882 3882
1192 1192|138 138
1193 1193|175 175
1194 1194|4395 4395
1195 1195|3538 3538
1196 1196|3693 3693
1197 1197|1384 1384
1198 1198|4395 4395
1199 1199|3882 3882
1200 1200|876 876
1201 1201|876 876
1202 1202|2916 2916
1203 1203|1494 1494
1204 1204|876 876
1205 1205|1494 1494
1206 1206|2055 2055
1207 1207|4702 4702
1208 1208|2916 2916
1209 1209|3538 3538
1210 1210|4600 4600
1211 1211|2605 2605
1212 1212|3882 3882
1213 1213|4600 4600
1214 1214|3693 3693
1215 1215|1384 1384
1216 1216|1384 1384
1217 1217|4702 4702
1218 1218|1735 1735
1219 1219|3693 3693
1220 1220|3882 3882
1221 1221|2002 2002
1222 1222|3693 3693
1223 1223|2916 2916
1224 1224|3882 3882
1225 1225|3538 3538
1226 1226|3693 3693
1227 1227|1384 1384
1228 1228|2916 2916
1229 1229|3693 3693
1230 1230|2916 2916
1231 1231|2055 2055
1232 1232|3425 3425
1233 1233|1494 1494
1234 1234|4395 4395
1235 1235|876 876
1236 1236|876 876
1237 1237|876 876
1238 1238|876 876
1239 1239|3693 3693
1240 1240|1384 1384
1241 1241|3425 3425
1242 1242|1494 1494
1243 1243|4702 4702
1244 1244|175 175
1245 1245|4702 4702
1246 1246|4702 4702
1247 1247|2916 2916
1248 1248|1384 1384
1249 1249|3693 3693
1250 1250|3425 3425
1251 1251|3693 3693
1252 1252|175 175
1253 1253|2605 2605
1254 1254|2605 2605
1255 1255|3425 3425
1256 1256|1384 1384
1257 1257|4600 4600
1258 1258|1735 1735
1259 1259|1494 1494
1260
1261 1261|4395 4395
1262 1262|2002 2002
1263 1263|1384 1384
1264 1264|3425 3425
1265 1265|4702 4702
1266 1266|3425 3425
1267 1267|1384 1384
1268 1268|2055 2055
1269 1269|2002 2002
1270 1270|3693 3693
1271 1271|4702 4702
1272 1272|4702 4702
1273 1273|138 138
1274 1274|2055 2055
1275 1275|138 138
1276 1276|1525 1525
1277 1277|2055 2055
1278 1278|2605 2605
1279 1279|2916 2916
1280 1280|3425 3425
1281 1281|138 138
1282 1282|1525 1525
1283 1283|1494 1494
1284 1284|3538 3538
1285 1285|876 876
1286 1286|1494 1494
1287 1287|138 138
1288 1288|876 876
1289 1289|4600 4600
1290 1290|1735 1735
1291 1291|3538 3538
1292 1292|3693 3693
1293 1293|3882 3882
1294 1294|2916 2916
1295 1295|1525 1525
1296 1296|3425 3425
1297 1297|2605 2605
1298 1298|2916 2916
1299 1299|876 876
1300 1300|175 175
1301 1301|1494 1494
1302 1302|1525 1525
1303 1303|175 175
1304 1304|876 876
1305 1305|2055 2055
1306 1306|3882 3882
1307 1307|3693 3693
1308 1308|4395 4395
1309 1309|3882 3882
1310 1310|3693 3693
1311 1311|2055 2055
1312 1312|1735 1735
1313 1313|4600 4600
1314 1314|1384 1384
1315 1315|3425 3425
1316 1316|3693 3693
1317 1317|1384 1384
1318 1318|2605 2605
1319 1319|4395 4395
1320 1320|4600 4600
1321 1321|2605 2605
1322 1322|175 175
1323 1323|2002 2002
1324 1324|3538 3538
1325 1325|175 175
1326 1326|138 138
1327 1327|1735 1735
1328 1328|2605 2605
1329 1329|1735 1735
1330 1330|1494 1494
1331 1331|2055 2055
1332 1332|2605 2605
1333 1333|2916 2916
1334 1334|1384 1384
1335 1335|138 138
1336 1336|4395 4395
1337 1337|3693 3693
1338 1338|1525 1525
1339 1339|1494 1494
1340 1340|3538 3538
1341 1341|4702 4702
1342 1342|2002 2002
1343 1343|4600 4600
1344 1344|4702 4702
1345 1345|3425 3425
1346 1346|876 876
1347 1347|3538 3538
1348
1349 1349|175 175
1350 1350|3693 3693
1351 1351|138 138
1352 1352|3882 3882
1353 1353|876 876
1354 1354|2916 2916
1355 1355|3693 3693
1356 1356|3538 3538
1357 1357|3693 3693
1358 1358|2605 2605
1359 1359|1384 1384
1360 1360|3538 3538
1361 1361|138 138
1362 1362|2916 2916
1363 1363|1525 1525
1364 1364|3882 3882
1365 1365|3425 3425
1366 1366|876 876
1367 1367|3693 3693
1368 1368|1384 1384
1369 1369|2002 2002
1370 1370|3693 3693
1371 1371|3538 3538
1372 1372|4600 4600
1373 1373|876 876
1374 1374|3538 3538
1375 1375|2605 2605
1376 1376|2916 2916
1377 1377|2002 2002
1378 1378|2916 2916
1379 1379|1525 1525
1380 1380|876 876
1381 1381|4600 4600
1382 1382|1384 1384
1383 1383|4600 4600
1384
1385 1385|4600 4600
1386 1386|1735 1735
1387 1387|3425 3425
1388 1388|3425 3425
1389 1389|1494 1494
1390 1390|2002 2002
1391 1391|1384 1384
1392 1392|1494 1494
1393 1393|2055 2055
1394 1394|1735 1735
1395 1395|1525 1525
1396 1396|1494 1494
1397 1397|876 876
1398 1398|1525 1525
1399 1399|4395 4395
1400 1400|3882 3882
1401 1401|3882 3882
1402 1402|2916 2916
1403 1403|2916 2916
1404 1404|1494 1494
1405 1405|3882 3882
1406 1406|876 876
1407 1407|4395 4395
1408 1408|3882 3882
1409 1409|2605 2605
1410 1410|2055 2055
1411 1411|175 175
1412 1412|3425 3425
1413 1413|4600 4600
1414 1414|876 876
1415 1415|2605 2605
1416 1416|3882 3882
1417 1417|3882 3882
1418 1418|175 175
1419 1419|175 175
1420 1420|3425 3425
1421 1421|2605 2605
1422 1422|876 876
1423 1423|876 876
1424 1424|4600 4600
1425 1425|3538 3538
1426 1426|3882 3882
1427 1427|4702 4702
1428 1428|175 175
1429 1429|3882 3882
1430 1430|1735 1735
1431 1431|2916 2916
1432 1432|4395 4395
1433 1433|4600 4600
1434 1434|1494 1494
1435 1435|175 175
1436 1436|3882 3882
1437 1437|1384 1384
1438 1438|2916 2916
1439 1439|876 876
1440 1440|4600 4600
1441 1441|1525 1525
1442 1442|175 175
1443 1443|2002 2002
1444 1444|3882 3882
1445 1445|3882 3882
1446 1446|4600 4600
1447 1447|4600 4600
1448 1448|1525 1525
1449 1449|3425 3425
1450 1450|3425 3425
1451 1451|2605 2605
1452 1452|3538 3538
1453 1453|3693 3693
1454 1454|2916 2916
1455 1455|175 175
1456 1456|2916 2916
1457 1457|876 876
1458 1458|2916 2916
1459 1459|1384 1384
1460 1460|4702 4702
1461 1461|3538 3538
1462 1462|2605 2605
1463 1463|2055 2055
1464 1464|1494 1494
1465 1465|2916 2916
1466 1466|876 876
1467 1467|1494 1494
1468 1468|3425 3425
1469 1469|2605 2605
1470 1470|3538 3538
1471 1471|1494 1494
1472 1472|876 876
1473 1473|2605 2605
1474 1474|4702 4702
1475 1475|3538 3538
1476 1476|2916 2916
1477 1477|1494 1494
1478 1478|4600 4600
1479 1479|876 876
1480 1480|3693 3693
1481 1481|4600 4600
1482 1482|3425 3425
1483 1483|138 138
1484 1484|3425 3425
1485 1485|2605 2605
1486 1486|1525 1525
1487 1487|1735 1735
1488 1488|2916 2916
1489 1489|4395 4395
1490 1490|1735 1735
1491 1491|2002 2002
1492 1492|1494 1494
1493 1493|1494 1494
1494
1495 1495|876 876
1496 1496|2605 2605
1497 1497|1384 1384
1498 1498|4600 4600
1499 1499|4702 4702
1500 1500|4600 4600
1501 1501|175 175
1502 1502|2916 2916
1503 1503|1494 1494
1504 1504|3538 3538
1505 1505|1494 1494
1506 1506|1525 1525
1507 1507|1525 1525
1508 1508|1525 1525
1509 1509|3882 3882
1510 1510|175 175
1511 1511|3693 3693
1512 1512|3425 3425
1513 1513|2002 2002
1514 1514|3882 3882
1515 1515|2605 2605
1516 1516|3882 3882
1517 1517|2002 2002
1518 1518|4702 4702
1519 1519|2002 2002
1520 1520|2605 2605
1521 1521|4395 4395
1522 1522|1735 1735
1523 1523|3425 3425
1524 1524|3882 3882
1525
1526 1526|3882 3882
1527 1527|2605 2605
1528 1528|3538 3538
1529 1529|4600 4600
1530 1530|4600 4600
1531 1531|3693 3693
1532 1532|1525 1525
1533 1533|1735 1735
1534 1534|1494 1494
1535 1535|2055 2055
1536 1536|175 175
1537 1537|4395 4395
1538 1538|3425 3425
1539 1539|4702 4702
1540 1540|1384 1384
1541 1541|4600 4600
1542 1542|1384 1384
1543 1543|2605 2605
1544 1544|876 876
1545 1545|1525 1525
1546 1546|2055 2055
1547 1547|3882 3882
1548 1548|4600 4600
1549 1549|1494 1494
1550 1550|3693 3693
1551 1551|876 876
1552 1552|2002 2002
1553 1553|3882 3882
1554 1554|3425 3425
1555 1555|138 138
1556 1556|3693 3693
1557 1557|175 175
1558 1558|3538 3538
1559 1559|4600 4600
1560 1560|3425 3425
1561 1561|2002 2002
1562 1562|3538 3538
1563 1563|876 876
1564 1564|3425 3425
1565 1565|2002 2002
1566 1566|138 138
1567 1567|2916 2916
1568 1568|1384 1384
1569 1569|2916 2916
1570 1570|1494 1494
1571 1571|1494 1494
1572 1572|175 175
1573 1573|2605 2605
1574 1574|4395 4395
1575 1575|1494 1494
1576 1576|4395 4395
1577 1577|3882 3882
1578 1578|138 138
1579 1579|876 876
1580 1580|138 138
1581 1581|2055 2055
1582 1582|1735 1735
1583 1583|1494 1494
1584 1584|4702 4702
1585 1585|4600 4600
1586 1586|3693 3693
1587 1587|1384 1384
1588 1588|2605 2605
1589 1589|2002 2002
1590 1590|2605 2605
1591 1591|1384 1384
1592 1592|175 175
1593 1593|2002 2002
1594 1594|3693 3693
1595 1595|3882 3882
1596 1596|876 876
1597 1597|1384 1384
1598 1598|4395 4395
1599 1599|4702 4702
1600 1600|138 138
1601 1601|4600 4600
1602 1602|2002 2002
1603 1603|1494 1494
1604 1604|2605 2605
1605 1605|3693 3693
1606 1606|138 138
1607 1607|3425 3425
1608 1608|2002 2002
1609 1609|3693 3693
1610 1610|1525 1525
1611 1611|876 876
1612 1612|4600 4600
1613 1613|3425 3425
1614 1614|876 876
1615 1615|4600 4600
1616 1616|4702 4702
1617 1617|4600 4600
1618 1618|4600 4600
1619 1619|4702 4702
1620 1620|138 138
1621 1621|3538 3538
1622 1622|4395 4395
1623 1623|175 175
1624 1624|3538 3538
1625 1625|3425 3425
1626 1626|2055 2055
1627 1627|138 138
1628 1628|3425 3425
1629 1629|876 876
1630 1630|3425 3425
1631 1631|2002 2002
1632 1632|1384 1384
1633 1633|2916 2916
1634 1634|1494 1494
1635 1635|175 175
1636 1636|3425 3425
1637
1638 1638|4702 4702
1639 1639|2916 2916
1640 1640|1525 1525
1641 1641|3882 3882
1642 1642|4395 4395
1643 1643|1525 1525
1644 1644|1494 1494
1645 1645|876 876
1646 1646|3882 3882
1647 1647|175 175
1648 1648|2605 2605
1649 1649|1735 1735
1650 1650|175 175
1651 1651|1735 1735
1652 1652|175 175
1653 1653|2916 2916
1654 1654|2605 2605
1655 1655|4600 4600
1656 1656|3538 3538
1657 1657|4702 4702
1658 1658|4395 4395
1659 1659|2055 2055
1660 1660|175 175
1661 1661|1735 1735
1662 1662|2605 2605
1663 1663|3425 3425
1664 1664|175 175
1665 1665|2916 2916
1666 1666|2055 2055
1667 1667|1384 1384
1668 1668|3425 3425
1669 1669|3693 3693
1670 1670|3538 3538
1671 1671|3882 3882
1672 1672|3538 3538
1673 1673|2916 2916
1674 1674|1525 1525
1675 1675|4395 4395
1676 1676|4395 4395
1677 1677|3425 3425
1678 1678|4600 4600
1679 1679|2055 2055
1680 1680|876 876
1681 1681|3693 3693
1682 1682|876 876
1683 1683|3693 3693
1684 1684|1525 1525
1685 1685|4702 4702
1686 1686|2605 2605
1687 1687|2916 2916
1688 1688|1384 1384
1689 1689|876 876
1690 1690|2916 2916
1691 1691|2605 2605
1692 1692|2605 2605
1693 1693|3882 3882
1694 1694|3693 3693
1695 1695|1525 1525
1696 1696|3882 3882
1697 1697|3425 3425
1698 1698|3882 3882
1699 1699|175 175
1700 1700|3425 3425
1701 1701|3693 3693
1702 1702|2055 2055
1703 1703|175 175
1704 1704|876 876
1705 1705|3538 3538
1706 1706|3425 3425
1707 1707|4600 4600
1708 1708|1525 1525
1709 1709|138 138
1710 1710|1494 1494
1711 1711|3882 3882
1712 1712|175 175
1713 1713|1494 1494
1714 1714|876 876
1715 1715|2002 2002
1716 1716|3425 3425
1717 1717|3425 3425
1718 1718|3538 3538
1719 1719|175 175
1720 1720|1494 1494
1721 1721|3882 3882
1722 1722|3425 3425
1723 1723|3425 3425
1724 1724|3882 3882
1725 1725|876 876
1726 1726|1494 1494
1727 1727|4600 4600
1728 1728|3425 3425
1729 1729|3538 3538
1730 1730|2916 2916
1731 1731|2055 2055
1732 1732|2002 2002
1733 1733|1384 1384
1734 1734|138 138
1735
1736 1736|1525 1525
1737 1737|4395 4395
1738 1738|4600 4600
1739 1739|3538 3538
1740 1740|4702 4702
1741 1741|1384 1384
1742 1742|2055 2055
1743 1743|2055 2055
1744 1744|3882 3882
1745 1745|1735 1735
1746 1746|2605 2605
1747 1747|4395 4395
1748 1748|1735 1735
1749 1749|1384 1384
1750 1750|1494 1494
1751 1751|876 876
1752 1752|3882 3882
1753 1753|1525 1525
1754 1754|3882 3882
1755 1755|876 876
1756 1756|2916 2916
1757 1757|3425 3425
1758 1758|876 876
1759 1759|4702 4702
1760 1760|4702 4702
1761 1761|2605 2605
1762 1762|2605 2605
1763 1763|1525 1525
1764 1764|1525 1525
1765 1765|3425 3425
1766 1766|4600 4600
1767 1767|2002 2002
1768 1768|1384 1384
1769 1769|1735 1735
1770 1770|1494 1494
1771 1771|2002 2002
1772 1772|4395 4395
1773 1773|138 138
1774 1774|3425 3425
1775 1775|4702 4702
1776 1776|3425 3425
1777 1777|3882 3882
1778 1778|4702 4702
1779 1779|1494 1494
1780 1780|876 876
1781 1781|876 876
1782 1782|2605 2605
1783 1783|3538 3538
1784 1784|4395 4395
1785 1785|4600 4600
1786 1786|3693 3693
1787 1787|3693 3693
1788 1788|876 876
1789 1789|1494 1494
1790 1790|2916 2916
1791 1791|876 876
1792 1792|3882 3882
1793 1793|3882 3882
1794 1794|4600 4600
1795 1795|3425 3425
1796 1796|1494 1494
1797 1797|4702 4702
1798 1798|1525 1525
1799 1799|1494 1494
1800 1800|3693 3693
1801 1801|4600 4600
1802 1802|175 175
1803 1803|1384 1384
1804 1804|4600 4600
1805 1805|1494 1494
1806 1806|2605 2605
1807 1807|1525 1525
1808 1808|1525 1525
1809 1809|2916 2916
1810 1810|2002 2002
1811 1811|3425 3425
1812 1812|4600 4600
1813 1813|2605 2605
1814 1814|876 876
1815 1815|2055 2055
1816 1816|1735 1735
1817 1817|4702 4702
1818 1818|2055 2055
1819 1819|1494 1494
1820 1820|2605 2605
1821 1821|4702 4702
1822 1822|876 876
1823 1823|4600 4600
1824 1824|1525 1525
1825 1825|1494 1494
1826 1826|1525 1525
1827 1827|2916 2916
1828
1829 1829|175 175
1830 1830|138 138
1831 1831|876 876
1832
1833 1833|175 175
1834 1834|2055 2055
1835 1835|1735 1735
1836 1836|3693 3693
1837 1837|138 138
1838 1838|4395 4395
1839 1839|4702 4702
1840 1840|2605 2605
1841 1841|2605 2605
1842 1842|4395 4395
1843 1843|2002 2002
1844 1844|3538 3538
1845 1845|2605 2605
1846 1846|3882 3882
1847 1847|876 876
1848 1848|175 175
1849 1849|1525 1525
1850 1850|3882 3882
1851 1851|3693 3693
1852 1852|4395 4395
1853 1853|3882 3882
1854 1854|1735 1735
1855 1855|2916 2916
1856 1856|1494 1494
1857 1857|2916 2916
1858 1858|2916 2916
1859 1859|3425 3425
1860 1860|3538 3538
1861 1861|1494 1494
1862 1862|3425 3425
1863 1863|4600 4600
1864 1864|4702 4702
1865 1865|1384 1384
1866 1866|2916 2916
1867 1867|2002 2002
1868 1868|3882 3882
1869 1869|1384 1384
1870 1870|2055 2055
1871
1872 1872|3882 3882
1873 1873|2002 2002
1874 1874|1494 1494
1875 1875|1384 1384
1876 1876|175 175
1877 1877|2605 2605
1878 1878|3538 3538
1879 1879|3693 3693
1880 1880|2002 2002
1881 1881|1525 1525
1882 1882|2916 2916
1883 1883|2916 2916
1884 1884|1735 1735
1885 1885|1525 1525
1886 1886|4395 4395
1887 1887|4600 4600
1888 1888|3882 3882
1889 1889|4395 4395
1890 1890|2605 2605
1891 1891|4395 4395
1892 1892|138 138
1893 1893|876 876
1894 1894|3538 3538
1895 1895|4600 4600
1896 1896|3882 3882
1897 1897|2002 2002
1898 1898|1735 1735
1899 1899|3425 3425
1900 1900|175 175
1901 1901|175 175
1902 1902|2605 2605
1903 1903|4395 4395
1904 1904|4395 4395
1905 1905|2605 2605
1906 1906|4702 4702
1907 1907|138 138
1908 1908|1384 1384
1909 1909|3693 3693
1910 1910|1494 1494
1911 1911|2055 2055
1912 1912|3425 3425
1913 1913|3538 3538
1914 1914|3425 3425
1915 1915|175 175
1916 1916|3538 3538
1917 1917|175 175
1918 1918|4702 4702
1919 1919|1735 1735
1920 1920|3425 3425
1921 1921|4702 4702
1922
1923 1923|2605 2605
1924 1924|876 876
1925 1925|3538 3538
1926 1926|4600 4600
1927 1927|3882 3882
1928 1928|4702 4702
1929 1929|2055 2055
1930 1930|1384 1384
1931 1931|1494 1494
1932 1932|1384 1384
1933 1933|3538 3538
1934 1934|3425 3425
1935 1935|2916 2916
1936 1936|4702 4702
1937 1937|3425 3425
1938 1938|1494 1494
1939 1939|1735 1735
1940 1940|4600 4600
1941 1941|3538 3538
1942 1942|4600 4600
1943 1943|175 175
1944 1944|175 175
1945 1945|175 175
1946 1946|1494 1494
1947 1947|2916 2916
1948 1948|4395 4395
1949 1949|4600 4600
1950 1950|3882 3882
1951 1951|1494 1494
1952 1952|4600 4600
1953 1953|1494 1494
1954 1954|2916 2916
1955 1955|2916 2916
1956 1956|1525 1525
1957 1957|3538 3538
1958 1958|2605 2605
1959 1959|2916 2916
1960 1960|4600 4600
1961 1961|4600 4600
1962 1962|4702 4702
1963 1963|4395 4395
1964 1964|2605 2605
1965 1965|4395 4395
1966 1966|138 138
1967 1967|3425 3425
1968 1968|2916 2916
1969 1969|1384 1384
1970 1970|3693 3693
1971 1971|2605 2605
1972 1972|138 138
1973 1973|4395 4395
1974 1974|2055 2055
1975 1975|2002 2002
1976 1976|175 175
1977 1977|4395 4395
1978 1978|1525 1525
1979 1979|4600 4600
1980 1980|3538 3538
1981 1981|1494 1494
1982 1982|2002 2002
1983 1983|175 175
1984 1984|1384 1384
1985 1985|1735 1735
1986 1986|138 138
1987 1987|3882 3882
1988
1989 1989|2916 2916
1990 1990|3693 3693
1991 1991|1494 1494
1992 1992|3693 3693
1993 1993|1735 1735
1994 1994|3693 3693
1995 1995|4600 4600
1996 1996|4395 4395
1997 1997|175 175
1998 1998|1494 1494
1999 1999|4600 4600
2000 2000|1735 1735
2001
2002
2003 2003|4702 4702
2004 2004|2916 2916
2005 2005|4395 4395
2006 2006|4600 4600
2007 2007|3538 3538
2008 2008|2916 2916
2009 2009|1525 1525
2010 2010|3882 3882
2011 2011|4702 4702
2012 2012|2916 2916
2013 2013|4702 4702
2014 2014|3425 3425
2015 2015|2055 2055
2016 2016|4395 4395
2017 2017|1735 1735
2018 2018|2002 2002
2019 2019|2055 2055
2020 2020|4702 4702
2021 2021|2605 2605
2022 2022|2002 2002
2023 2023|2605 2605
2024 2024|2605 2605
2025 2025|1735 1735
2026 2026|4395 4395
2027 2027|2916 2916
2028 2028|4395 4395
2029 2029|3425 3425
2030 2030|4702 4702
2031 2031|2055 2055
2032 2032|2605 2605
2033 2033|1384 1384
2034 2034|4702 4702
2035 2035|3538 3538
2036 2036|3538 3538
2037 2037|3425 3425
2038 2038|1494 1494
2039 2039|2605 2605
2040 2040|175 175
2041 2041|2605 2605
2042 2042|876 876
2043 2043|3425 3425
2044 2044|3882 3882
2045 2045|2055 2055
2046 2046|4395 4395
2047 2047|1735 1735
2048 2048|1735 1735
2049 2049|4702 4702
2050 2050|2055 2055
2051 2051|4702 4702
2052 2052|2055 2055
2053 2053|1494 1494
2054 2054|1384 1384
2055
2056 2056|2002 2002
2057 2057|2002 2002
2058 2058|175 175
2059 2059|4600 4600
2060 2060|2002 2002
2061 2061|2002 2002
2062 2062|175 175
2063 2063|1384 1384
2064 2064|3693 3693
2065 2065|2916 2916
2066 2066|4395 4395
2067 2067|1384 1384
2068 2068|1494 1494
2069 2069|138 138
2070 2070|4702 4702
2071 2071|1525 1525
2072 2072|3693 3693
2073 2073|4395 4395
2074 2074|4395 4395
2075 2075|1735 1735
2076 2076|2605 2605
2077 2077|2916 2916
2078 2078|2605 2605
2079 2079|175 175
2080 2080|876 876
2081 2081|2002 2002
2082 2082|4702 4702
2083 2083|175 175
2084 2084|1525 1525
2085 2085|3693 3693
2086 2086|1525 1525
2087 2087|175 175
2088 2088|3538 3538
2089 2089|4395 4395
2090 2090|1525 1525
2091 2091|2605 2605
2092 2092|175 175
2093 2093|138 138
2094 2094|2605 2605
2095 2095|1384 1384
2096 2096|2916 2916
2097 2097|2605 2605
2098 2098|3882 3882
2099 2099|4702 4702
2100 2100|4600 4600
2101 2101|4395 4395
2102 2102|1494 1494
2103 2103|4600 4600
2104 2104|3882 3882
2105 2105|2055 2055
2106 2106|1735 1735
2107 2107|1384 1384
2108 2108|2916 2916
2109 2109|1525 1525
2110 2110|3882 3882
2111 2111|2055 2055
2112 2112|1525 1525
2113 2113|138 138
2114 2114|2916 2916
2115 2115|2605 2605
2116 2116|1735 1735
2117 2117|1525 1525
2118 2118|3538 3538
2119 2119|3693 3693
2120 2120|4600 4600
2121 2121|2916 2916
2122 2122|876 876
2123
2124 2124|3538 3538
2125 2125|1384 1384
2126 2126|1525 1525
2127 2127|1494 1494
2128 2128|4395 4395
2129 2129|2916 2916
2130 2130|2002 2002
2131 2131|138 138
2132 2132|2055 2055
2133 2133|3538 3538
2134 2134|2002 2002
2135 2135|3882 3882
2136 2136|2055 2055
2137 2137|2916 2916
2138 2138|2605 2605
2139 2139|138 138
2140 2140|2055 2055
2141 2141|3425 3425
2142 2142|2002 2002
2143 2143|175 175
2144 2144|1384 1384
2145 2145|3882 3882
2146 2146|2605 2605
2147 2147|1525 1525
2148 2148|3538 3538
2149 2149|4600 4600
2150 2150|2605 2605
2151 2151|1384 1384
2152 2152|2605 2605
2153 2153|3425 3425
2154 2154|2002 2002
2155 2155|2002 2002
2156 2156|1494 1494
2157 2157|4395 4395
2158 2158|1494 1494
2159 2159|3882 3882
2160 2160|3425 3425
2161 2161|3693 3693
2162 2162|4702 4702
2163
2164 2164|4395 4395
2165 2165|4702 4702
2166 2166|1735 1735
2167 2167|2002 2002
2168 2168|876 876
2169 2169|4600 4600
2170 2170|3882 3882
2171 2171|4600 4600
2172 2172|3425 3425
2173 2173|876 876
2174
2175 2175|1384 1384
2176 2176|175 175
2177 2177|4702 4702
2178 2178|4600 4600
2179 2179|1735 1735
2180 2180|4702 4702
2181 2181|1494 1494
2182 2182|1525 1525
2183 2183|2916 2916
2184 2184|4600 4600
2185 2185|3882 3882
2186 2186|1384 1384
2187 2187|1735 1735
2188 2188|4395 4395
2189 2189|876 876
2190 2190|4600 4600
2191 2191|3882 3882
2192 2192|175 175
2193 2193|3882 3882
2194 2194|1494 1494
2195 2195|4600 4600
2196 2196|3693 3693
2197 2197|3882 3882
2198 2198|175 175
2199 2199|4702 4702
2200 2200|3882 3882
2201 2201|2605 2605
2202 2202|138 138
2203 2203|3538 3538
2204 2204|2055 2055
2205 2205|138 138
2206 2206|1735 1735
2207
2208 2208|876 876
2209 2209|175 175
2210 2210|3693 3693
2211 2211|3425 3425
2212 2212|876 876
2213 2213|4702 4702
2214 2214|175 175
2215 2215|876 876
2216 2216|4395 4395
2217 2217|175 175
2218 2218|2605 2605
2219 2219|3693 3693
2220 2220|1525 1525
2221 2221|1494 1494
2222 2222|3693 3693
2223 2223|3425 3425
2224 2224|3538 3538
2225 2225|3882 3882
2226 2226|3538 3538
2227 2227|3538 3538
2228 2228|876 876
2229 2229|4702 4702
2230 2230|1494 1494
2231 2231|3425 3425
2232 2232|1384 1384
2233 2233|1525 1525
2234 2234|4702 4702
2235 2235|3538 3538
2236 2236|4600 4600
2237 2237|1494 1494
2238 2238|2002 2002
2239 2239|138 138
2240 2240|138 138
2241 2241|2605 2605
2242 2242|3882 3882
2243 2243|4702 4702
2244 2244|3693 3693
2245 2245|4702 4702
2246 2246|3538 3538
2247 2247|2002 2002
2248 2248|2002 2002
2249 2249|3882 3882
2250 2250|3425 3425
2251 2251|1494 1494
2252 2252|2055 2055
2253 2253|1735 1735
2254 2254|1384 1384
2255 2255|175 175
2256 2256|3693 3693
2257 2257|138 138
2258 2258|2002 2002
2259 2259|1735 1735
2260 2260|876 876
2261 2261|1384 1384
2262 2262|175 175
2263
2264 2264|3882 3882
2265 2265|175 175
2266 2266|2002 2002
2267 2267|175 175
2268 2268|3538 3538
2269 2269|3882 3882
2270 2270|2002 2002
2271 2271|4702 4702
2272 2272|1735 1735
2273 2273|175 175
2274 2274|1494 1494
2275 2275|4600 4600
2276 2276|2605 2605
2277 2277|2002 2002
2278 2278|2916 2916
2279 2279|2916 2916
2280 2280|2002 2002
2281 2281|2605 2605
2282 2282|1494 1494
2283 2283|4600 4600
2284 2284|2002 2002
2285 2285|3693 3693
2286 2286|2605 2605
2287 2287|2055 2055
2288 2288|175 175
2289 2289|4702 4702
2290 2290|1525 1525
2291 2291|3693 3693
2292 2292|4702 4702
2293 2293|4395 4395
2294 2294|175 175
2295 2295|3425 3425
2296 2296|3538 3538
2297 2297|4600 4600
2298 2298|2916 2916
2299 2299|3693 3693
2300 2300|3693 3693
2301 2301|1494 1494
2302 2302|2605 2605
2303 2303|3538 3538
2304 2304|1525 1525
2305 2305|4702 4702
2306 2306|4395 4395
2307 2307|2002 2002
2308 2308|2002 2002
2309 2309|2605 2605
2310 2310|1494 1494
2311 2311|3882 3882
2312 2312|175 175
2313 2313|4702 4702
2314 2314|3693 3693
2315 2315|3693 3693
2316 2316|4702 4702
2317
2318 2318|4600 4600
2319 2319|1494 1494
2320 2320|3538 3538
2321 2321|2002 2002
2322 2322|2055 2055
2323 2323|1735 1735
2324 2324|2916 2916
2325 2325|876 876
2326 2326|3882 3882
2327 2327|3425 3425
2328 2328|876 876
2329 2329|4702 4702
2330 2330|1735 1735
2331 2331|175 175
2332 2332|2055 2055
2333 2333|3538 3538
2334 2334|175 175
2335 2335|876 876
2336 2336|1735 1735
2337 2337|4702 4702
2338 2338|1735 1735
2339 2339|4395 4395
2340 2340|1735 1735
2341 2341|2916 2916
2342 2342|2605 2605
2343 2343|138 138
2344 2344|1735 1735
2345 2345|1735 1735
2346 2346|1384 1384
2347 2347|4395 4395
2348 2348|2002 2002
2349 2349|1735 1735
2350 2350|3538 3538
2351 2351|2002 2002
2352 2352|4702 4702
2353 2353|2916 2916
2354 2354|2605 2605
2355 2355|3538 3538
2356 2356|3882 3882
2357 2357|4702 4702
2358 2358|3425 3425
2359 2359|2605 2605
2360 2360|2055 2055
2361 2361|3425 3425
2362 2362|4600 4600
2363 2363|4395 4395
2364 2364|3882 3882
2365 2365|1384 1384
2366 2366|4395 4395
2367 2367|2916 2916
2368 2368|1735 1735
2369 2369|3425 3425
2370 2370|2916 2916
2371 2371|3693 3693
2372 2372|175 175
2373 2373|2002 2002
2374 2374|1494 1494
2375 2375|138 138
2376 2376|2055 2055
2377 2377|4702 4702
2378 2378|3693 3693
2379 2379|2605 2605
2380 2380|1494 1494
2381 2381|1735 1735
2382 2382|2916 2916
2383 2383|2002 2002
2384 2384|3538 3538
2385 2385|2002 2002
2386 2386|4395 4395
2387 2387|4702 4702
2388 2388|2916 2916
2389 2389|2055 2055
2390 2390|4395 4395
2391 2391|4395 4395
2392 2392|3882 3882
2393 2393|1525 1525
2394 2394|3425 3425
2395 2395|1525 1525
2396 2396|1494 1494
2397 2397|4702 4702
2398 2398|4395 4395
2399 2399|1525 1525
2400 2400|4702 4702
2401 2401|175 175
2402 2402|4600 4600
2403 2403|175 175
2404 2404|876 876
2405 2405|175 175
2406 2406|138 138
2407 2407|3693 3693
2408 2408|1494 1494
2409 2409|2002 2002
2410 2410|876 876
2411 2411|1494 1494
2412 2412|138 138
2413 2413|1735 1735
2414 2414|4600 4600
2415 2415|3882 3882
2416 2416|3425 3425
2417 2417|175 175
2418 2418|4395 4395
2419 2419|4395 4395
2420 2420|138 138
2421 2421|138 138
2422 2422|4702 4702
2423
2424 2424|4702 4702
2425 2425|3693 3693
2426 2426|138 138
2427 2427|138 138
2428 2428|4600 4600
2429 2429|2055 2055
2430 2430|4702 4702
2431 2431|2605 2605
2432 2432|138 138
2433 2433|4600 4600
2434 2434|3693 3693
2435 2435|1525 1525
2436 2436|1384 1384
2437 2437|1384 1384
2438 2438|4600 4600
2439 2439|1494 1494
2440 2440|2002 2002
2441 2441|1735 1735
2442 2442|4600 4600
2443 2443|2055 2055
2444 2444|3425 3425
2445 2445|2055 2055
2446 2446|3538 3538
2447 2447|876 876
2448 2448|3425 3425
2449 2449|3538 3538
2450 2450|3882 3882
2451 2451|2002 2002
2452 2452|2002 2002
2453 2453|2605 2605
2454 2454|876 876
2455 2455|175 175
2456 2456|876 876
2457 2457|3538 3538
2458 2458|3538 3538
2459 2459|3538 3538
2460 2460|4702 4702
2461 2461|4395 4395
2462 2462|175 175
2463 2463|138 138
2464 2464|1525 1525
2465 2465|876 876
2466 2466|4395 4395
2467 2467|3693 3693
2468 2468|2916 2916
2469 2469|1384 1384
2470 2470|4600 4600
2471 2471|175 175
2472 2472|2002 2002
2473 2473|1735 1735
2474 2474|4395 4395
2475 2475|2055 2055
2476 2476|175 175
2477 2477|876 876
2478 2478|2055 2055
2479 2479|4702 4702
2480 2480|175 175
2481 2481|1525 1525
2482 2482|2916 2916
2483 2483|138 138
2484 2484|1735 1735
2485 2485|1494 1494
2486 2486|3538 3538
2487 2487|876 876
2488 2488|2605 2605
2489 2489|1525 1525
2490 2490|2002 2002
2491 2491|3538 3538
2492 2492|4702 4702
2493 2493|2916 2916
2494 2494|3538 3538
2495 2495|1494 1494
2496 2496|876 876
2497 2497|4600 4600
2498 2498|3425 3425
2499 2499|175 175
2500 2500|1384 1384
2501 2501|3693 3693
2502 2502|2002 2002
2503 2503|876 876
2504 2504|2916 2916
2505 2505|3538 3538
2506 2506|2916 2916
2507 2507|138 138
2508 2508|2055 2055
2509 2509|3882 3882
2510 2510|4395 4395
2511 2511|2002 2002
2512 2512|3425 3425
2513 2513|4702 4702
2514 2514|3538 3538
2515 2515|3693 3693
2516 2516|1525 1525
2517 2517|3538 3538
2518 2518|876 876
2519 2519|2605 2605
2520 2520|2002 2002
2521 2521|876 876
2522 2522|876 876
2523 2523|2055 2055
2524 2524|1494 1494
2525 2525|3538 3538
2526 2526|1494 1494
2527 2527|3538 3538
2528 2528|2916 2916
2529 2529|3425 3425
2530 2530|1384 1384
2531 2531|876 876
2532 2532|138 138
2533 2533|2605 2605
2534 2534|3882 3882
2535 2535|3425 3425
2536 2536|2055 2055
2537 2537|1384 1384
2538 2538|1494 1494
2539 2539|876 876
2540 2540|1525 1525
2541 2541|3693 3693
2542 2542|3882 3882
2543 2543|4702 4702
2544 2544|4702 4702
2545 2545|4600 4600
2546 2546|3693 3693
2547 2547|1384 1384
2548 2548|138 138
2549 2549|876 876
2550 2550|3425 3425
2551 2551|4702 4702
2552 2552|876 876
2553 2553|2916 2916
2554 2554|3538 3538
2555 2555|138 138
2556 2556|2605 2605
2557 2557|3693 3693
2558 2558|3538 3538
2559 2559|876 876
2560 2560|4702 4702
2561 2561|2002 2002
2562 2562|4600 4600
2563 2563|1525 1525
2564 2564|3538 3538
2565 2565|1525 1525
2566 2566|1494 1494
2567 2567|2055 2055
2568 2568|2605 2605
2569 2569|2055 2055
2570 2570|4395 4395
2571 2571|1494 1494
2572 2572|876 876
2573 2573|1525 1525
2574 2574|3693 3693
2575 2575|2055 2055
2576 2576|3693 3693
2577 2577|2605 2605
2578 2578|4395 4395
2579 2579|876 876
2580 2580|3425 3425
2581 2581|2055 2055
2582 2582|2002 2002
2583 2583|4395 4395
2584 2584|1735 1735
2585 2585|3882 3882
2586 2586|1384 1384
2587 2587|1494 1494
2588 2588|2605 2605
2589 2589|138 138
2590 2590|3538 3538
2591 2591|2916 2916
2592 2592|3538 3538
2593
2594 2594|2916 2916
2595 2595|3882 3882
2596 2596|2916 2916
2597 2597|3693 3693
2598 2598|1494 1494
2599 2599|2605 2605
2600 2600|2916 2916
2601 2601|1735 1735
2602 2602|4395 4395
2603 2603|2916 2916
2604 2604|1525 1525
2605
2606 2606|3538 3538
2607 2607|2916 2916
2608 2608|2605 2605
2609 2609|4395 4395
2610 2610|2002 2002
2611 2611|2916 2916
2612 2612|3538 3538
2613 2613|2055 2055
2614 2614|3538 3538
2615 2615|3425 3425
2616 2616|1384 1384
2617 2617|1735 1735
2618 2618|4702 4702
2619 2619|1525 1525
2620 2620|4702 4702
2621 2621|138 138
2622 2622|3882 3882
2623 2623|1735 1735
2624 2624|3882 3882
2625 2625|2605 2605
2626 2626|876 876
2627 2627|3693 3693
2628 2628|4395 4395
2629 2629|1494 1494
2630 2630|2605 2605
2631 2631|2002 2002
2632 2632|2055 2055
2633 2633|1494 1494
2634 2634|3693 3693
2635 2635|3538 3538
2636 2636|876 876
2637 2637|3882 3882
2638 2638|4395 4395
2639 2639|3538 3538
2640 2640|4702 4702
2641 2641|4600 4600
2642 2642|3693 3693
2643 2643|4702 4702
2644 2644|175 175
2645 2645|3425 3425
2646 2646|4702 4702
2647 2647|876 876
2648 2648|1384 1384
2649 2649|2002 2002
2650 2650|3425 3425
2651 2651|1525 1525
2652 2652|175 175
2653 2653|3538 3538
2654 2654|2916 2916
2655 2655|3693 3693
2656
2657 2657|1384 1384
2658 2658|138 138
2659 2659|1384 1384
2660 2660|2055 2055
2661 2661|2002 2002
2662 2662|4600 4600
2663 2663|4600 4600
2664 2664|4702 4702
2665 2665|2002 2002
2666 2666|3882 3882
2667 2667|3425 3425
2668 2668|3538 3538
2669 2669|3882 3882
2670 2670|4600 4600
2671
2672 2672|1494 1494
2673 2673|3425 3425
2674 2674|138 138
2675 2675|4395 4395
2676 2676|1384 1384
2677 2677|2605 2605
2678 2678|3693 3693
2679 2679|876 876
2680 2680|1384 1384
2681 2681|1494 1494
2682 2682|3425 3425
2683 2683|2605 2605
2684 2684|2916 2916
2685 2685|3882 3882
2686 2686|1735 1735
2687 2687|4600 4600
2688 2688|4395 4395
2689 2689|3425 3425
2690 2690|4395 4395
2691 2691|1384 1384
2692 2692|3882 3882
2693 2693|3882 3882
2694 2694|2916 2916
2695 2695|876 876
2696 2696|2605 2605
2697 2697|175 175
2698 2698|1384 1384
2699 2699|138 138
2700 2700|2916 2916
2701 2701|1384 1384
2702 2702|1525 1525
2703 2703|2002 2002
2704 2704|4600 4600
2705 2705|1525 1525
2706 2706|4702 4702
2707 2707|1525 1525
2708 2708|2916 2916
2709 2709|4702 4702
2710 2710|3693 3693
2711 2711|3882 3882
2712 2712|2002 2002
2713 2713|3538 3538
2714 2714|1525 1525
2715 2715|1525 1525
2716 2716|3693 3693
2717 2717|3538 3538
2718 2718|138 138
2719 2719|1735 1735
2720 2720|3882 3882
2721 2721|3693 3693
2722 2722|3538 3538
2723 2723|138 138
2724 2724|1735 1735
2725 2725|1735 1735
2726 2726|2055 2055
2727 2727|876 876
2728 2728|1384 1384
2729 2729|4702 4702
2730 2730|1525 1525
2731 2731|3425 3425
2732 2732|2916 2916
2733 2733|1735 1735
2734 2734|3882 3882
2735 2735|1384 1384
2736 2736|2055 2055
2737 2737|4395 4395
2738 2738|4600 4600
2739 2739|2916 2916
2740 2740|3538 3538
2741 2741|3538 3538
2742 2742|1384 1384
2743 2743|3425 3425
2744
2745 2745|3425 3425
2746 2746|3882 3882
2747 2747|1525 1525
2748 2748|2605 2605
2749 2749|876 876
2750 2750|1494 1494
2751 2751|2916 2916
2752 2752|1384 1384
2753 2753|2002 2002
2754 2754|2605 2605
2755 2755|1384 1384
2756 2756|1525 1525
2757 2757|3425 3425
2758 2758|1494 1494
2759 2759|4600 4600
2760 2760|3538 3538
2761
2762 2762|3693 3693
2763 2763|1494 1494
2764 2764|3538 3538
2765 2765|3693 3693
2766
2767 2767|1525 1525
2768 2768|4395 4395
2769 2769|4702 4702
2770 2770|1525 1525
2771 2771|4702 4702
2772 2772|1525 1525
2773 2773|4395 4395
2774 2774|2605 2605
2775 2775|1494 1494
2776 2776|1525 1525
2777 2777|2916 2916
2778
2779 2779|3882 3882
2780 2780|175 175
2781 2781|3425 3425
2782 2782|138 138
2783 2783|4395 4395
2784 2784|1494 1494
2785 2785|1735 1735
2786 2786|3538 3538
2787 2787|4702 4702
2788 2788|4600 4600
2789 2789|4395 4395
2790 2790|3693 3693
2791 2791|4395 4395
2792 2792|3693 3693
2793 2793|3882 3882
2794 2794|4395 4395
2795 2795|1525 1525
2796 2796|876 876
2797 2797|138 138
2798 2798|2002 2002
2799 2799|2605 2605
2800 2800|175 175
2801 2801|2055 2055
2802 2802|2002 2002
2803 2803|4702 4702
2804 2804|2605 2605
2805 2805|1525 1525
2806 2806|3882 3882
2807 2807|4395 4395
2808 2808|4702 4702
2809 2809|4600 4600
2810 2810|1384 1384
2811 2811|1384 1384
2812 2812|2055 2055
2813 2813|4702 4702
2814 2814|3425 3425
2815 2815|4702 4702
2816 2816|175 175
2817 2817|3882 3882
2818 2818|4702 4702
2819 2819|1735 1735
2820 2820|3693 3693
2821 2821|1384 1384
2822 2822|2002 2002
2823 2823|2605 2605
2824 2824|175 175
2825 2825|3882 3882
2826 2826|2055 2055
2827 2827|3425 3425
2828 2828|876 876
2829 2829|3882 3882
2830 2830|1384 1384
2831 2831|2002 2002
2832 2832|1735 1735
2833 2833|3425 3425
2834 2834|3693 3693
2835 2835|1525 1525
2836 2836|1494 1494
2837 2837|1735 1735
2838 2838|1735 1735
2839 2839|175 175
2840 2840|3425 3425
2841
2842 2842|4702 4702
2843 2843|2055 2055
2844 2844|4702 4702
2845 2845|1525 1525
2846 2846|2916 2916
2847 2847|2605 2605
2848 2848|2605 2605
2849 2849|2055 2055
2850 2850|4600 4600
2851 2851|1384 1384
2852 2852|1494 1494
2853 2853|3693 3693
2854 2854|175 175
2855 2855|2055 2055
2856 2856|1494 1494
2857 2857|1494 1494
2858 2858|2002 2002
2859 2859|1494 1494
2860 2860|2916 2916
2861 2861|2002 2002
2862 2862|3538 3538
2863 2863|4395 4395
2864 2864|1494 1494
2865 2865|2055 2055
2866 2866|3693 3693
2867 2867|3538 3538
2868 2868|3882 3882
2869 2869|876 876
2870 2870|876 876
2871 2871|3538 3538
2872 2872|4600 4600
2873 2873|2055 2055
2874 2874|3425 3425
2875 2875|3882 3882
2876 2876|4395 4395
2877 2877|2916 2916
2878 2878|138 138
2879 2879|876 876
2880 2880|3882 3882
2881 2881|3425 3425
2882 2882|876 876
2883 2883|4702 4702
2884 2884|3538 3538
2885 2885|1735 1735
2886 2886|3693 3693
2887 2887|1735 1735
2888 2888|4395 4395
2889 2889|2055 2055
2890 2890|2916 2916
2891 2891|2605 2605
2892 2892|2916 2916
2893 2893|4702 4702
2894 2894|1494 1494
2895 2895|4395 4395
2896 2896|2916 2916
2897 2897|175 175
2898 2898|175 175
2899 2899|1384 1384
2900 2900|3882 3882
2901 2901|138 138
2902 2902|1384 1384
2903 2903|1525 1525
2904 2904|3882 3882
2905 2905|3882 3882
2906 2906|138 138
2907 2907|3693 3693
2908 2908|1735 1735
2909 2909|1494 1494
2910 2910|2605 2605
2911 2911|1525 1525
2912 2912|2055 2055
2913 2913|876 876
2914 2914|3425 3425
2915 2915|2055 2055
2916
2917 2917|876 876
2918 2918|3425 3425
2919 2919|1525 1525
2920 2920|175 175
2921 2921|3538 3538
2922 2922|2605 2605
2923 2923|2002 2002
2924 2924|3693 3693
2925 2925|876 876
2926 2926|1384 1384
2927 2927|138 138
2928 2928|1735 1735
2929 2929|4395 4395
2930 2930|876 876
2931 2931|1494 1494
2932 2932|2002 2002
2933 2933|4600 4600
2934 2934|3882 3882
2935 2935|138 138
2936 2936|138 138
2937 2937|2916 2916
2938 2938|1384 1384
2939 2939|3693 3693
2940 2940|1494 1494
2941 2941|4395 4395
2942 2942|876 876
2943 2943|2002 2002
2944 2944|3538 3538
2945 2945|876 876
2946 2946|1384 1384
2947 2947|1384 1384
2948 2948|2916 2916
2949 2949|3425 3425
2950 2950|2605 2605
2951 2951|1494 1494
2952 2952|3538 3538
2953 2953|1494 1494
2954 2954|1494 1494
2955 2955|876 876
2956 2956|4600 4600
2957 2957|138 138
2958 2958|1525 1525
2959 2959|3882 3882
2960 2960|3425 3425
2961 2961|1735 1735
2962 2962|1494 1494
2963 2963|3693 3693
2964 2964|3882 3882
2965 2965|1735 1735
2966 2966|876 876
2967 2967|1384 1384
2968 2968|1494 1494
2969 2969|1384 1384
2970 2970|3538 3538
2971 2971|3425 3425
2972 2972|3693 3693
2973 2973|2916 2916
2974 2974|1494 1494
2975 2975|2002 2002
2976 2976|2055 2055
2977 2977|876 876
2978 2978|2002 2002
2979 2979|4702 4702
2980 2980|2605 2605
2981 2981|138 138
2982 2982|2605 2605
2983 2983|1735 1735
2984 2984|4600 4600
2985 2985|4600 4600
2986 2986|1735 1735
2987 2987|3538 3538
2988 2988|2605 2605
2989 2989|175 175
2990 2990|2002 2002
2991
2992 2992|4395 4395
2993 2993|3538 3538
2994 2994|1384 1384
2995 2995|2002 2002
2996 2996|4395 4395
2997 2997|876 876
2998 2998|4600 4600
2999 2999|138 138
3000 3000|3425 3425
3001 3001|2916 2916
3002 3002|1494 1494
3003 3003|3538 3538
3004 3004|3693 3693
3005 3005|3425 3425
3006 3006|4702 4702
3007 3007|1525 1525
3008 3008|4395 4395
3009 3009|876 876
3010 3010|138 138
3011 3011|876 876
3012 3012|138 138
3013 3013|2055 2055
3014 3014|1735 1735
3015 3015|175 175
3016 3016|175 175
3017 3017|3538 3538
3018 3018|4600 4600
3019 3019|2605 2605
3020 3020|4600 4600
3021 3021|3693 3693
3022 3022|3693 3693
3023 3023|3538 3538
3024 3024|876 876
3025 3025|4702 4702
3026 3026|4702 4702
3027 3027|1494 1494
3028 3028|2055 2055
3029 3029|876 876
3030 3030|2605 2605
3031 3031|876 876
3032
3033 3033|4600 4600
3034
3035 3035|1735 1735
3036 3036|1494 1494
3037 3037|4702 4702
3038 3038|2916 2916
3039 3039|3538 3538
3040 3040|876 876
3041 3041|2605 2605
3042 3042|3693 3693
3043 3043|2002 2002
3044 3044|175 175
3045 3045|2002 2002
3046 3046|876 876
3047 3047|3693 3693
3048 3048|1384 1384
3049 3049|3882 3882
3050 3050|175 175
3051 3051|2605 2605
3052 3052|1525 1525
3053 3053|1384 1384
3054 3054|138 138
3055 3055|1494 1494
3056 3056|138 138
3057 3057|1525 1525
3058 3058|4395 4395
3059 3059|3425 3425
3060 3060|4600 4600
3061 3061|4600 4600
3062 3062|2055 2055
3063 3063|1525 1525
3064 3064|3425 3425
3065 3065|1494 1494
3066 3066|2055 2055
3067 3067|1384 1384
3068 3068|138 138
3069 3069|2916 2916
3070 3070|3693 3693
3071 3071|2055 2055
3072 3072|4600 4600
3073 3073|876 876
3074 3074|2055 2055
3075 3075|876 876
3076 3076|4395 4395
3077 3077|3882 3882
3078 3078|4600 4600
3079
3080 3080|3425 3425
3081 3081|175 175
3082 3082|4395 4395
3083 3083|1525 1525
3084 3084|3425 3425
3085 3085|1525 1525
3086 3086|2055 2055
3087 3087|1384 1384
3088 3088|1384 1384
3089 3089|2002 2002
3090 3090|4600 4600
3091 3091|138 138
3092 3092|175 175
3093 3093|138 138
3094 3094|2002 2002
3095 3095|175 175
3096 3096|4395 4395
3097 3097|3425 3425
3098 3098|3538 3538
3099 3099|1494 1494
3100 3100|1525 1525
3101 3101|175 175
3102 3102|4702 4702
3103 3103|3693 3693
3104 3104|2002 2002
3105 3105|2916 2916
3106 3106|2002 2002
3107 3107|3693 3693
3108 3108|2916 2916
3109 3109|2055 2055
3110 3110|876 876
3111 3111|3425 3425
3112 3112|1384 1384
3113 3113|4600 4600
3114 3114|175 175
3115 3115|1525 1525
3116 3116|2002 2002
3117 3117|4600 4600
3118 3118|175 175
3119 3119|3538 3538
3120 3120|876 876
3121 3121|3882 3882
3122 3122|2605 2605
3123 3123|2605 2605
3124 3124|2916 2916
3125 3125|876 876
3126 3126|4702 4702
3127 3127|3882 3882
3128 3128|138 138
3129 3129|3425 3425
3130 3130|1735 1735
3131 3131|2605 2605
3132 3132|2605 2605
3133 3133|2002 2002
3134 3134|3882 3882
3135 3135|3425 3425
3136 3136|4395 4395
3137 3137|1735 1735
3138 3138|4702 4702
3139 3139|2002 2002
3140 3140|1494 1494
3141 3141|138 138
3142 3142|3693 3693
3143 3143|138 138
3144 3144|2002 2002
3145 3145|4702 4702
3146 3146|3425 3425
3147 3147|138 138
3148 3148|2916 2916
3149 3149|138 138
3150 3150|3538 3538
3151 3151|2605 2605
3152 3152|1384 1384
3153 3153|1735 1735
3154 3154|4600 4600
3155 3155|2002 2002
3156 3156|3693 3693
3157 3157|4395 4395
3158 3158|175 175
3159 3159|1494 1494
3160 3160|2055 2055
3161 3161|876 876
3162 3162|175 175
3163 3163|2002 2002
3164 3164|4600 4600
3165 3165|3693 3693
3166 3166|3425 3425
3167 3167|3882 3882
3168 3168|876 876
3169 3169|1384 1384
3170 3170|4600 4600
3171 3171|1494 1494
3172 3172|3538 3538
3173 3173|876 876
3174 3174|175 175
3175 3175|3693 3693
3176 3176|1494 1494
3177 3177|2002 2002
3178 3178|2605 2605
3179 3179|2055 2055
3180 3180|2916 2916
3181 3181|3538 3538
3182 3182|2916 2916
3183 3183|2916 2916
3184 3184|3882 3882
3185 3185|2055 2055
3186 3186|2002 2002
3187 3187|876 876
3188 3188|1735 1735
3189 3189|1494 1494
3190 3190|1384 1384
3191 3191|1494 1494
3192 3192|1384 1384
3193 3193|1525 1525
3194 3194|3882 3882
3195 3195|3882 3882
3196 3196|2916 2916
3197 3197|3693 3693
3198 3198|1384 1384
3199 3199|4702 4702
3200 3200|3425 3425
3201 3201|1735 1735
3202 3202|3882 3882
3203 3203|2605 2605
3204 3204|3882 3882
3205 3205|2055 2055
3206 3206|1384 1384
3207 3207|876 876
3208 3208|1525 1525
3209 3209|2605 2605
3210 3210|175 175
3211 3211|1735 1735
3212 3212|2916 2916
3213 3213|1494 1494
3214 3214|876 876
3215 3215|2002 2002
3216
3217 3217|3425 3425
3218 3218|3538 3538
3219 3219|4600 4600
3220 3220|175 175
3221 3221|2605 2605
3222 3222|2055 2055
3223 3223|1525 1525
3224 3224|138 138
3225 3225|3538 3538
3226 3226|3882 3882
3227 3227|4702 4702
3228 3228|4702 4702
3229 3229|2002 2002
3230 3230|1384 1384
3231 3231|3882 3882
3232 3232|1384 1384
3233 3233|1494 1494
3234 3234|1384 1384
3235 3235|138 138
3236 3236|175 175
3237 3237|2002 2002
3238 3238|1494 1494
3239 3239|1735 1735
3240 3240|3538 3538
3241 3241|3425 3425
3242 3242|876 876
3243 3243|2055 2055
3244 3244|876 876
3245 3245|138 138
3246 3246|876 876
3247 3247|1735 1735
3248 3248|3882 3882
3249 3249|1494 1494
3250 3250|876 876
3251 3251|2916 2916
3252 3252|1384 1384
3253 3253|175 175
3254 3254|3882 3882
3255 3255|175 175
3256 3256|1525 1525
3257 3257|3693 3693
3258 3258|3538 3538
3259 3259|4395 4395
3260 3260|138 138
3261 3261|3538 3538
3262
3263 3263|3693 3693
3264 3264|1525 1525
3265
3266 3266|3425 3425
3267 3267|1735 1735
3268 3268|1525 1525
3269 3269|2055 2055
3270 3270|2055 2055
3271 3271|3882 3882
3272 3272|1494 1494
3273 3273|175 175
3274 3274|2002 2002
3275 3275|2605 2605
3276 3276|4395 4395
3277 3277|3693 3693
3278 3278|4702 4702
3279 3279|4395 4395
3280 3280|175 175
3281 3281|876 876
3282 3282|2055 2055
3283 3283|3538 3538
3284 3284|1494 1494
3285 3285|3693 3693
3286 3286|1735 1735
3287 3287|4600 4600
3288 3288|2002 2002
3289 3289|4702 4702
3290 3290|138 138
3291 3291|3538 3538
3292 3292|3425 3425
3293 3293|4395 4395
3294 3294|4702 4702
3295 3295|4395 4395
3296 3296|3425 3425
3297 3297|4600 4600
3298 3298|2916 2916
3299 3299|3538 3538
3300 3300|2055 2055
3301 3301|1525 1525
3302 3302|138 138
3303 3303|2916 2916
3304 3304|2002 2002
3305 3305|138 138
3306 3306|2055 2055
3307 3307|175 175
3308 3308|4395 4395
3309 3309|4600 4600
3310 3310|3425 3425
3311 3311|2002 2002
3312 3312|1525 1525
3313 3313|1384 1384
3314 3314|2002 2002
3315 3315|2002 2002
3316 3316|2055 2055
3317 3317|4702 4702
3318 3318|175 175
3319 3319|2002 2002
3320 3320|3538 3538
3321 3321|3425 3425
3322 3322|1525 1525
3323 3323|1525 1525
3324 3324|2002 2002
3325 3325|2916 2916
3326 3326|3425 3425
3327 3327|138 138
3328 3328|3425 3425
3329 3329|1494 1494
3330 3330|1735 1735
3331 3331|4395 4395
3332 3332|4702 4702
3333 3333|2605 2605
3334 3334|1525 1525
3335 3335|4395 4395
3336 3336|175 175
3337 3337|876 876
3338 3338|175 175
3339 3339|2002 2002
3340 3340|2002 2002
3341 3341|138 138
3342 3342|4600 4600
3343 3343|4395 4395
3344 3344|138 138
3345 3345|2916 2916
3346 3346|1735 1735
3347 3347|1494 1494
3348 3348|2916 2916
3349 3349|1525 1525
3350 3350|2916 2916
3351
3352 3352|175 175
3353 3353|138 138
3354 3354|1494 1494
3355 3355|1494 1494
3356 3356|1384 1384
3357 3357|4600 4600
3358 3358|3425 3425
3359 3359|876 876
3360 3360|3425 3425
3361 3361|3538 3538
3362 3362|1384 1384
3363 3363|2916 2916
3364 3364|2605 2605
3365 3365|2916 2916
3366 3366|1494 1494
3367 3367|1525 1525
3368 3368|3693 3693
3369 3369|4395 4395
3370 3370|2916 2916
3371 3371|1525 1525
3372 3372|4702 4702
3373 3373|3425 3425
3374 3374|2002 2002
3375 3375|1525 1525
3376 3376|3538 3538
3377 3377|2605 2605
3378 3378|2605 2605
3379 3379|1494 1494
3380 3380|1525 1525
3381 3381|138 138
3382 3382|3538 3538
3383 3383|175 175
3384 3384|1525 1525
3385 3385|2916 2916
3386 3386|2002 2002
3387 3387|1384 1384
3388 3388|4395 4395
3389 3389|1494 1494
3390 3390|2916 2916
3391 3391|876 876
3392 3392|2002 2002
3393 3393|3425 3425
3394 3394|2916 2916
3395 3395|1525 1525
3396 3396|876 876
3397 3397|2916 2916
3398 3398|3882 3882
3399 3399|138 138
3400 3400|2055 2055
3401 3401|1735 1735
3402 3402|2002 2002
3403 3403|876 876
3404 3404|3425 3425
3405 3405|2055 2055
3406 3406|1384 1384
3407 3407|138 138
3408 3408|175 175
3409 3409|3538 3538
3410 3410|3882 3882
3411 3411|3693 3693
3412 3412|1525 1525
3413 3413|3693 3693
3414 3414|4395 4395
3415 3415|3538 3538
3416 3416|3425 3425
3417 3417|4702 4702
3418 3418|3538 3538
3419 3419|1384 1384
3420 3420|4395 4395
3421 3421|2002 2002
3422 3422|1525 1525
3423 3423|3882 3882
3424 3424|876 876
3425
3426 3426|175 175
3427 3427|2605 2605
3428 3428|138 138
3429 3429|2916 2916
3430 3430|2055 2055
3431 3431|1384 1384
3432 3432|876 876
3433 3433|2916 2916
3434 3434|1525 1525
3435 3435|3538 3538
3436 3436|1525 1525
3437 3437|876 876
3438 3438|4702 4702
3439 3439|876 876
3440 3440|2916 2916
3441 3441|4395 4395
3442 3442|138 138
3443 3443|3693 3693
3444 3444|1525 1525
3445 3445|3693 3693
3446 3446|1525 1525
3447 3447|175 175
3448 3448|1384 1384
3449 3449|2916 2916
3450 3450|1735 1735
3451 3451|1735 1735
3452 3452|3693 3693
3453 3453|4702 4702
3454 3454|4702 4702
3455 3455|2055 2055
3456 3456|2605 2605
3457 3457|2605 2605
3458 3458|2002 2002
3459 3459|1384 1384
3460 3460|175 175
3461 3461|3538 3538
3462 3462|4702 4702
3463 3463|4395 4395
3464 3464|1494 1494
3465 3465|175 175
3466 3466|3425 3425
3467 3467|138 138
3468 3468|3693 3693
3469 3469|876 876
3470 3470|2605 2605
3471 3471|4395 4395
3472 3472|1735 1735
3473 3473|1384 1384
3474 3474|138 138
3475 3475|1735 1735
3476 3476|1525 1525
3477 3477|2605 2605
3478 3478|876 876
3479 3479|4395 4395
3480 3480|1384 1384
3481 3481|2605 2605
3482 3482|3538 3538
3483 3483|4395 4395
3484 3484|4395 4395
3485 3485|2055 2055
3486 3486|876 876
3487 3487|4702 4702
3488 3488|3538 3538
3489 3489|1525 1525
3490 3490|3425 3425
3491 3491|3538 3538
3492 3492|3425 3425
3493 3493|1525 1525
3494 3494|3882 3882
3495 3495|175 175
3496 3496|2055 2055
3497 3497|3882 3882
3498 3498|3882 3882
3499 3499|2055 2055
3500 3500|2002 2002
3501 3501|2055 2055
3502 3502|175 175
3503 3503|1494 1494
3504 3504|1384 1384
3505 3505|876 876
3506 3506|3425 3425
3507 3507|4702 4702
3508 3508|3693 3693
3509 3509|2002 2002
3510 3510|4702 4702
3511 3511|175 175
3512 3512|3538 3538
3513 3513|4600 4600
3514 3514|3693 3693
3515 3515|4702 4702
3516 3516|4395 4395
3517 3517|2002 2002
3518 3518|4395 4395
3519 3519|2605 2605
3520 3520|876 876
3521 3521|3538 3538
3522 3522|175 175
3523 3523|4600 4600
3524 3524|4600 4600
3525 3525|1494 1494
3526 3526|1384 1384
3527 3527|3882 3882
3528
3529 3529|1525 1525
3530 3530|1525 1525
3531 3531|1735 1735
3532 3532|1735 1735
3533 3533|1494 1494
3534 3534|175 175
3535 3535|3693 3693
3536 3536|876 876
3537 3537|3693 3693
3538
3539 3539|1735 1735
3540 3540|1494 1494
3541 3541|2055 2055
3542 3542|2916 2916
3543 3543|876 876
3544 3544|876 876
3545 3545|3538 3538
3546 3546|4702 4702
3547 3547|3538 3538
3548 3548|4702 4702
3549 3549|2916 2916
3550 3550|2055 2055
3551 3551|4600 4600
3552 3552|3882 3882
3553 3553|138 138
3554 3554|4600 4600
3555 3555|3693 3693
3556 3556|1384 1384
3557 3557|3693 3693
3558 3558|1494 1494
3559 3559|1494 1494
3560 3560|1384 1384
3561 3561|1384 1384
3562 3562|1384 1384
3563 3563|2605 2605
3564 3564|4702 4702
3565 3565|3425 3425
3566 3566|3693 3693
3567 3567|2055 2055
3568 3568|3538 3538
3569 3569|4395 4395
3570 3570|4395 4395
3571 3571|175 175
3572 3572|1525 1525
3573 3573|2055 2055
3574 3574|3538 3538
3575 3575|1494 1494
3576 3576|3538 3538
3577 3577|175 175
3578 3578|3538 3538
3579 3579|2916 2916
3580 3580|2002 2002
3581 3581|175 175
3582 3582|4395 4395
3583 3583|2055 2055
3584 3584|3425 3425
3585 3585|138 138
3586 3586|2916 2916
3587 3587|2605 2605
3588 3588|2605 2605
3589 3589|2055 2055
3590 3590|4395 4395
3591 3591|1384 1384
3592 3592|2002 2002
3593 3593|1494 1494
3594 3594|2605 2605
3595 3595|3882 3882
3596 3596|2916 2916
3597 3597|2055 2055
3598 3598|3693 3693
3599 3599|876 876
3600
3601 3601|1735 1735
3602 3602|3882 3882
3603 3603|1735 1735
3604 3604|3693 3693
3605 3605|4395 4395
3606 3606|4600 4600
3607 3607|3425 3425
3608 3608|175 175
3609 3609|4600 4600
3610 3610|1525 1525
3611 3611|876 876
3612 3612|2605 2605
3613 3613|4600 4600
3614 3614|3538 3538
3615 3615|1494 1494
3616 3616|4600 4600
3617 3617|138 138
3618 3618|1525 1525
3619 3619|1735 1735
3620 3620|1735 1735
3621 3621|175 175
3622 3622|2002 2002
3623 3623|175 175
3624 3624|3882 3882
3625 3625|175 175
3626 3626|3425 3425
3627 3627|1735 1735
3628 3628|2055 2055
3629 3629|3425 3425
3630 3630|3882 3882
3631 3631|4600 4600
3632 3632|3538 3538
3633 3633|1384 1384
3634 3634|138 138
3635 3635|2002 2002
3636 3636|3425 3425
3637 3637|4395 4395
3638 3638|3882 3882
3639 3639|1525 1525
3640 3640|4395 4395
3641 3641|4702 4702
3642 3642|3425 3425
3643 3643|3425 3425
3644 3644|1525 1525
3645 3645|2055 2055
3646 3646|876 876
3647 3647|2605 2605
3648 3648|138 138
3649 3649|3538 3538
3650 3650|175 175
3651 3651|1525 1525
3652 3652|1735 1735
3653 3653|2002 2002
3654 3654|2002 2002
3655 3655|1735 1735
3656 3656|2055 2055
3657 3657|3693 3693
3658 3658|4600 4600
3659 3659|138 138
3660 3660|138 138
3661 3661|4395 4395
3662 3662|1494 1494
3663 3663|1525 1525
3664 3664|138 138
3665 3665|2002 2002
3666 3666|2055 2055
3667 3667|2605 2605
3668 3668|2055 2055
3669 3669|3693 3693
3670 3670|3538 3538
3671 3671|3425 3425
3672 3672|3882 3882
3673 3673|2055 2055
3674 3674|1735 1735
3675 3675|3882 3882
3676 3676|2605 2605
3677 3677|4600 4600
3678
3679 3679|3538 3538
3680 3680|1384 1384
3681 3681|138 138
3682 3682|4600 4600
3683 3683|3425 3425
3684 3684|4702 4702
3685 3685|2605 2605
3686 3686|2605 2605
3687 3687|1384 1384
3688 3688|4395 4395
3689 3689|876 876
3690 3690|2916 2916
3691 3691|2055 2055
3692 3692|2916 2916
3693
3694 3694|2055 2055
3695 3695|2055 2055
3696 3696|2605 2605
3697 3697|1735 1735
3698 3698|1494 1494
3699 3699|4600 4600
3700 3700|2002 2002
3701 3701|175 175
3702 3702|3538 3538
3703 3703|2916 2916
3704 3704|1494 1494
3705 3705|138 138
3706 3706|4395 4395
3707 3707|2605 2605
3708 3708|2055 2055
3709 3709|3693 3693
3710 3710|3538 3538
3711 3711|3538 3538
3712 3712|175 175
3713 3713|1735 1735
3714 3714|2916 2916
3715 3715|2002 2002
3716 3716|4702 4702
3717 3717|4395 4395
3718 3718|3425 3425
3719 3719|4600 4600
3720 3720|2605 2605
3721 3721|1525 1525
3722 3722|4702 4702
3723 3723|1525 1525
3724 3724|2605 2605
3725 3725|1384 1384
3726 3726|4395 4395
3727 3727|1494 1494
3728 3728|2055 2055
3729 3729|4702 4702
3730 3730|1525 1525
3731 3731|2916 2916
3732 3732|876 876
3733 3733|2002 2002
3734 3734|3425 3425
3735 3735|2002 2002
3736 3736|2605 2605
3737 3737|3693 3693
3738 3738|2916 2916
3739 3739|3425 3425
3740 3740|2055 2055
3741 3741|2605 2605
3742 3742|3882 3882
3743 3743|1384 1384
3744 3744|4395 4395
3745 3745|175 175
3746 3746|876 876
3747 3747|4395 4395
3748 3748|1735 1735
3749 3749|4600 4600
3750 3750|1384 1384
3751 3751|3538 3538
3752 3752|4600 4600
3753 3753|2605 2605
3754 3754|3693 3693
3755 3755|175 175
3756 3756|1494 1494
3757 3757|1494 1494
3758 3758|1735 1735
3759 3759|2916 2916
3760 3760|3693 3693
3761 3761|3882 3882
3762 3762|1494 1494
3763 3763|2916 2916
3764 3764|1525 1525
3765 3765|876 876
3766 3766|4395 4395
3767 3767|2916 2916
3768 3768|1525 1525
3769 3769|2916 2916
3770 3770|175 175
3771 3771|138 138
3772 3772|3882 3882
3773 3773|2055 2055
3774 3774|1735 1735
3775 3775|1525 1525
3776 3776|1525 1525
3777
3778 3778|4395 4395
3779 3779|876 876
3780 3780|1494 1494
3781 3781|3693 3693
3782 3782|3693 3693
3783 3783|3538 3538
3784 3784|3693 3693
3785 3785|4395 4395
3786 3786|3538 3538
3787 3787|138 138
3788 3788|175 175
3789 3789|4702 4702
3790 3790|1735 1735
3791 3791|3425 3425
3792 3792|138 138
3793 3793|2916 2916
3794 3794|4600 4600
3795
3796 3796|1735 1735
3797 3797|138 138
3798 3798|138 138
3799 3799|2002 2002
3800 3800|2002 2002
3801 3801|3425 3425
3802 3802|2605 2605
3803 3803|1494 1494
3804 3804|1384 1384
3805 3805|3538 3538
3806 3806|4600 4600
3807 3807|2605 2605
3808 3808|1525 1525
3809 3809|876 876
3810 3810|175 175
3811 3811|2605 2605
3812 3812|2605 2605
3813 3813|3882 3882
3814 3814|4600 4600
3815 3815|4600 4600
3816 3816|2916 2916
3817 3817|3693 3693
3818 3818|1494 1494
3819 3819|2916 2916
3820 3820|4395 4395
3821 3821|3425 3425
3822 3822|1735 1735
3823 3823|1525 1525
3824 3824|3538 3538
3825 3825|138 138
3826 3826|2002 2002
3827 3827|2002 2002
3828 3828|1494 1494
3829 3829|1735 1735
3830 3830|138 138
3831 3831|4600 4600
3832 3832|1525 1525
3833 3833|1384 1384
3834 3834|3425 3425
3835 3835|175 175
3836 3836|3538 3538
3837 3837|2055 2055
3838 3838|4702 4702
3839 3839|175 175
3840 3840|175 175
3841 3841|1384 1384
3842 3842|138 138
3843 3843|175 175
3844 3844|1384 1384
3845 3845|3693 3693
3846 3846|3882 3882
3847 3847|3538 3538
3848 3848|1384 1384
3849 3849|4702 4702
3850 3850|2055 2055
3851 3851|4395 4395
3852 3852|1494 1494
3853 3853|1735 1735
3854 3854|138 138
3855 3855|2605 2605
3856 3856|3693 3693
3857 3857|1384 1384
3858 3858|4600 4600
3859 3859|2055 2055
3860 3860|1494 1494
3861 3861|3693 3693
3862 3862|1384 1384
3863 3863|4600 4600
3864 3864|1384 1384
3865 3865|2605 2605
3866 3866|1384 1384
3867 3867|1384 1384
3868 3868|4395 4395
3869 3869|1735 1735
3870 3870|1735 1735
3871 3871|2055 2055
3872 3872|4600 4600
3873 3873|1735 1735
3874 3874|3425 3425
3875 3875|3693 3693
3876 3876|2605 2605
3877 3877|1525 1525
3878 3878|175 175
3879 3879|4702 4702
3880 3880|4395 4395
3881 3881|1735 1735
3882
3883 3883|4395 4395
3884 3884|2916 2916
3885 3885|2002 2002
3886 3886|138 138
3887 3887|138 138
3888 3888|876 876
3889 3889|1384 1384
3890 3890|4395 4395
3891 3891|1494 1494
3892 3892|876 876
3893 3893|4600 4600
3894 3894|876 876
3895 3895|1384 1384
3896 3896|2055 2055
3897 3897|2002 2002
3898 3898|3882 3882
3899 3899|2605 2605
3900 3900|2055 2055
3901 3901|3882 3882
3902 3902|175 175
3903 3903|1384 1384
3904 3904|1525 1525
3905 3905|175 175
3906 3906|2605 2605
3907 3907|3425 3425
3908 3908|2916 2916
3909 3909|3693 3693
3910 3910|1384 1384
3911 3911|1384 1384
3912 3912|175 175
3913 3913|138 138
3914 3914|1494 1494
3915 3915|1525 1525
3916 3916|2916 2916
3917 3917|3425 3425
3918 3918|3882 3882
3919 3919|2055 2055
3920 3920|876 876
3921 3921|3425 3425
3922 3922|2916 2916
3923 3923|1525 1525
3924 3924|1384 1384
3925 3925|3538 3538
3926 3926|3538 3538
3927 3927|3882 3882
3928 3928|2055 2055
3929 3929|3538 3538
3930 3930|4395 4395
3931 3931|3693 3693
3932 3932|1525 1525
3933 3933|1384 1384
3934 3934|1494 1494
3935 3935|175 175
3936 3936|1525 1525
3937 3937|1384 1384
3938 3938|3693 3693
3939 3939|4395 4395
3940 3940|3882 3882
3941 3941|1525 1525
3942 3942|3538 3538
3943 3943|3425 3425
3944 3944|138 138
3945 3945|1494 1494
3946 3946|4395 4395
3947 3947|4395 4395
3948 3948|1384 1384
3949 3949|3693 3693
3950 3950|3882 3882
3951 3951|175 175
3952 3952|876 876
3953 3953|2055 2055
3954 3954|2916 2916
3955 3955|138 138
3956 3956|4600 4600
3957 3957|2002 2002
3958 3958|2916 2916
3959 3959|4600 4600
3960 3960|4600 4600
3961 3961|1384 1384
3962 3962|3693 3693
3963 3963|2002 2002
3964 3964|4395 4395
3965 3965|3425 3425
3966 3966|3538 3538
3967 3967|1494 1494
3968 3968|4702 4702
3969 3969|175 175
3970 3970|138 138
3971 3971|1525 1525
3972 3972|4600 4600
3973 3973|4395 4395
3974 3974|4395 4395
3975 3975|1525 1525
3976 3976|876 876
3977 3977|4395 4395
3978 3978|2916 2916
3979 3979|2002 2002
3980 3980|2916 2916
3981 3981|2055 2055
3982 3982|175 175
3983 3983|4600 4600
3984 3984|2002 2002
3985 3985|4702 4702
3986 3986|3538 3538
3987 3987|3538 3538
3988 3988|2002 2002
3989 3989|876 876
3990 3990|3882 3882
3991 3991|3882 3882
3992 3992|3882 3882
3993 3993|876 876
3994 3994|4395 4395
3995 3995|3882 3882
3996 3996|2916 2916
3997 3997|1384 1384
3998 3998|4395 4395
3999 3999|138 138
4000 4000|1384 1384
4001 4001|3538 3538
4002 4002|3693 3693
4003 4003|175 175
4004 4004|4702 4702
4005 4005|4702 4702
4006 4006|138 138
4007 4007|876 876
4008 4008|2605 2605
4009 4009|4600 4600
4010 4010|4702 4702
4011 4011|1735 1735
4012 4012|3882 3882
4013 4013|2916 2916
4014 4014|3425 3425
4015 4015|175 175
4016 4016|2002 2002
4017 4017|3882 3882
4018 4018|2916 2916
4019 4019|4702 4702
4020 4020|4395 4395
4021 4021|3425 3425
4022 4022|3882 3882
4023 4023|1384 1384
4024 4024|1384 1384
4025 4025|2002 2002
4026 4026|138 138
4027 4027|2916 2916
4028 4028|3425 3425
4029 4029|2605 2605
4030 4030|4702 4702
4031 4031|4600 4600
4032 4032|3425 3425
4033 4033|1384 1384
4034 4034|175 175
4035 4035|1525 1525
4036 4036|4395 4395
4037 4037|1494 1494
4038 4038|3693 3693
4039 4039|1384 1384
4040 4040|2055 2055
4041 4041|1735 1735
4042 4042|1735 1735
4043 4043|1384 1384
4044 4044|3538 3538
4045 4045|1735 1735
4046 4046|3882 3882
4047 4047|1735 1735
4048 4048|2916 2916
4049 4049|1384 1384
4050 4050|3693 3693
4051 4051|175 175
4052 4052|1384 1384
4053 4053|3882 3882
4054 4054|3882 3882
4055 4055|4600 4600
4056 4056|1494 1494
4057 4057|4395 4395
4058 4058|138 138
4059 4059|4600 4600
4060 4060|175 175
4061 4061|4702 4702
4062 4062|3693 3693
4063 4063|4395 4395
4064 4064|4600 4600
4065 4065|1525 1525
4066 4066|1525 1525
4067 4067|1494 1494
4068 4068|1384 1384
4069 4069|3538 3538
4070 4070|2916 2916
4071 4071|4600 4600
4072 4072|3538 3538
4073 4073|3693 3693
4074 4074|2002 2002
4075 4075|2055 2055
4076 4076|3538 3538
4077 4077|2916 2916
4078 4078|2605 2605
4079 4079|3882 3882
4080 4080|1494 1494
4081 4081|1494 1494
4082 4082|3693 3693
4083 4083|4600 4600
4084 4084|2605 2605
4085 4085|4702 4702
4086 4086|2916 2916
4087 4087|4702 4702
4088 4088|1735 1735
4089 4089|1735 1735
4090 4090|1735 1735
4091 4091|2605 2605
4092 4092|3425 3425
4093 4093|1494 1494
4094 4094|1525 1525
4095 4095|4600 4600
4096 4096|4702 4702
4097 4097|2916 2916
4098 4098|1384 1384
4099 4099|3425 3425
4100 4100|4702 4702
4101 4101|4395 4395
4102 4102|3693 3693
4103 4103|4702 4702
4104 4104|2605 2605
4105 4105|3693 3693
4106 4106|138 138
4107 4107|4600 4600
4108 4108|1384 1384
4109 4109|138 138
4110 4110|3538 3538
4111 4111|1494 1494
4112 4112|175 175
4113 4113|175 175
4114 4114|1735 1735
4115 4115|2055 2055
4116 4116|1525 1525
4117 4117|2605 2605
4118 4118|2055 2055
4119 4119|1494 1494
4120 4120|175 175
4121 4121|2605 2605
4122 4122|1735 1735
4123 4123|4702 4702
4124 4124|175 175
4125 4125|3425 3425
4126 4126|3882 3882
4127 4127|1384 1384
4128 4128|4702 4702
4129 4129|2002 2002
4130 4130|4702 4702
4131 4131|3538 3538
4132 4132|2002 2002
4133 4133|4600 4600
4134 4134|2605 2605
4135 4135|175 175
4136 4136|3538 3538
4137 4137|3538 3538
4138 4138|3693 3693
4139 4139|2916 2916
4140 4140|4702 4702
4141 4141|175 175
4142 4142|138 138
4143 4143|2055 2055
4144 4144|1735 1735
4145 4145|3882 3882
4146 4146|2002 2002
4147 4147|3425 3425
4148 4148|4702 4702
4149 4149|1735 1735
4150 4150|1735 1735
4151 4151|2605 2605
4152 4152|3882 3882
4153 4153|1525 1525
4154 4154|876 876
4155 4155|1525 1525
4156 4156|1525 1525
4157 4157|4600 4600
4158 4158|1384 1384
4159 4159|3538 3538
4160 4160|175 175
4161 4161|3693 3693
4162 4162|2055 2055
4163 4163|4702 4702
4164 4164|2055 2055
4165 4165|1494 1494
4166 4166|1525 1525
4167 4167|2055 2055
4168 4168|138 138
4169 4169|2916 2916
4170 4170|3882 3882
4171 4171|1494 1494
4172 4172|175 175
4173 4173|1494 1494
4174 4174|2916 2916
4175 4175|175 175
4176 4176|2605 2605
4177 4177|4395 4395
4178 4178|4702 4702
4179 4179|3425 3425
4180 4180|876 876
4181 4181|2916 2916
4182 4182|4600 4600
4183 4183|2002 2002
4184 4184|1525 1525
4185 4185|4600 4600
4186 4186|876 876
4187 4187|4600 4600
4188 4188|1525 1525
4189 4189|3693 3693
4190 4190|4702 4702
4191 4191|4702 4702
4192 4192|3538 3538
4193 4193|876 876
4194 4194|3425 3425
4195 4195|2002 2002
4196 4196|1735 1735
4197 4197|2916 2916
4198 4198|2916 2916
4199 4199|3425 3425
4200 4200|2605 2605
4201 4201|1735 1735
4202 4202|4600 4600
4203 4203|4395 4395
4204 4204|4702 4702
4205 4205|138 138
4206 4206|1384 1384
4207 4207|3425 3425
4208 4208|3882 3882
4209 4209|2002 2002
4210 4210|2002 2002
4211 4211|175 175
4212 4212|2916 2916
4213 4213|3538 3538
4214 4214|1384 1384
4215 4215|3538 3538
4216 4216|2055 2055
4217 4217|4702 4702
4218 4218|2605 2605
4219 4219|138 138
4220 4220|4600 4600
4221 4221|3425 3425
4222 4222|4600 4600
4223 4223|4600 4600
4224 4224|3882 3882
4225 4225|4395 4395
4226 4226|175 175
4227 4227|2605 2605
4228 4228|1735 1735
4229 4229|2916 2916
4230 4230|4600 4600
4231 4231|876 876
4232 4232|1384 1384
4233 4233|1525 1525
4234 4234|4702 4702
4235 4235|4702 4702
4236 4236|138 138
4237 4237|876 876
4238 4238|1735 1735
4239 4239|1735 1735
4240
4241 4241|3693 3693
4242 4242|1384 1384
4243 4243|1735 1735
4244 4244|4702 4702
4245 4245|3693 3693
4246 4246|876 876
4247 4247|1494 1494
4248 4248|138 138
4249 4249|3882 3882
4250 4250|2916 2916
4251 4251|175 175
4252 4252|876 876
4253 4253|876 876
4254 4254|175 175
4255 4255|1525 1525
4256 4256|2055 2055
4257 4257|4702 4702
4258 4258|876 876
4259 4259|2002 2002
4260 4260|2055 2055
4261 4261|3693 3693
4262 4262|3538 3538
4263 4263|3882 3882
4264 4264|3538 3538
4265 4265|3693 3693
4266 4266|2916 2916
4267 4267|138 138
4268 4268|3538 3538
4269 4269|1384 1384
4270 4270|4702 4702
4271 4271|138 138
4272 4272|876 876
4273 4273|175 175
4274 4274|876 876
4275 4275|3425 3425
4276 4276|4600 4600
4277 4277|1384 1384
4278 4278|2605 2605
4279 4279|2605 2605
4280 4280|876 876
4281 4281|2605 2605
4282 4282|3882 3882
4283 4283|3538 3538
4284 4284|3538 3538
4285 4285|138 138
4286 4286|4395 4395
4287 4287|1525 1525
4288 4288|4702 4702
4289 4289|2002 2002
4290 4290|1494 1494
4291 4291|3538 3538
4292 4292|4702 4702
4293 4293|2605 2605
4294 4294|1494 1494
4295 4295|2605 2605
4296
4297 4297|3425 3425
4298 4298|138 138
4299 4299|4702 4702
4300 4300|4702 4702
4301 4301|1494 1494
4302 4302|1384 1384
4303 4303|175 175
4304 4304|138 138
4305 4305|3538 3538
4306 4306|4702 4702
4307 4307|4702 4702
4308 4308|876 876
4309 4309|2605 2605
4310 4310|1735 1735
4311 4311|3425 3425
4312 4312|1735 1735
4313 4313|3693 3693
4314 4314|4600 4600
4315 4315|1494 1494
4316 4316|1525 1525
4317 4317|1525 1525
4318 4318|2002 2002
4319 4319|2055 2055
4320 4320|1735 1735
4321 4321|1384 1384
4322 4322|1525 1525
4323 4323|175 175
4324 4324|4702 4702
4325 4325|3882 3882
4326 4326|4702 4702
4327 4327|876 876
4328 4328|2605 2605
4329 4329|876 876
4330 4330|2055 2055
4331 4331|1384 1384
4332 4332|1735 1735
4333 4333|4395 4395
4334 4334|2916 2916
4335 4335|3425 3425
4336 4336|1494 1494
4337 4337|2002 2002
4338 4338|1384 1384
4339 4339|2605 2605
4340 4340|876 876
4341 4341|1735 1735
4342 4342|2916 2916
4343 4343|4395 4395
4344 4344|3882 3882
4345 4345|2916 2916
4346 4346|2605 2605
4347 4347|1494 1494
4348 4348|3425 3425
4349 4349|2916 2916
4350 4350|3693 3693
4351 4351|1525 1525
4352 4352|138 138
4353 4353|2916 2916
4354 4354|2002 2002
4355 4355|2002 2002
4356 4356|3693 3693
4357 4357|2055 2055
4358 4358|3425 3425
4359 4359|1494 1494
4360 4360|2916 2916
4361 4361|4395 4395
4362 4362|3882 3882
4363
4364 4364|3882 3882
4365 4365|3425 3425
4366 4366|2605 2605
4367 4367|4395 4395
4368 4368|4702 4702
4369 4369|1384 1384
4370 4370|1525 1525
4371 4371|876 876
4372 4372|2055 2055
4373 4373|1494 1494
4374 4374|4702 4702
4375 4375|1735 1735
4376 4376|2055 2055
4377 4377|876 876
4378 4378|876 876
4379 4379|138 138
4380 4380|4600 4600
4381 4381|138 138
4382 4382|3538 3538
4383 4383|1735 1735
4384 4384|175 175
4385 4385|4702 4702
4386 4386|2055 2055
4387 4387|4702 4702
4388 4388|4702 4702
4389 4389|4395 4395
4390 4390|1494 1494
4391 4391|3425 3425
4392 4392|3538 3538
4393 4393|2002 2002
4394 4394|2605 2605
4395
4396 4396|1494 1494
4397 4397|3882 3882
4398 4398|4600 4600
4399 4399|4600 4600
4400 4400|876 876
4401 4401|3538 3538
4402 4402|3425 3425
4403 4403|4600 4600
4404 4404|138 138
4405 4405|2002 2002
4406 4406|1525 1525
4407 4407|4600 4600
4408 4408|1494 1494
4409 4409|3882 3882
4410 4410|1525 1525
4411 4411|1525 1525
4412 4412|1494 1494
4413 4413|4395 4395
4414 4414|3425 3425
4415 4415|175 175
4416 4416|2002 2002
4417 4417|4395 4395
4418 4418|2002 2002
4419 4419|876 876
4420 4420|2055 2055
4421 4421|3425 3425
4422 4422|2002 2002
4423 4423|175 175
4424 4424|1735 1735
4425 4425|4600 4600
4426 4426|3425 3425
4427 4427|3538 3538
4428
4429 4429|4395 4395
4430 4430|3882 3882
4431 4431|175 175
4432 4432|175 175
4433 4433|2916 2916
4434 4434|1384 1384
4435 4435|4600 4600
4436 4436|2055 2055
4437 4437|2055 2055
4438 4438|4702 4702
4439 4439|1525 1525
4440 4440|3538 3538
4441 4441|3538 3538
4442 4442|3425 3425
4443 4443|876 876
4444 4444|4600 4600
4445 4445|2055 2055
4446 4446|3538 3538
4447 4447|2002 2002
4448 4448|4600 4600
4449 4449|3538 3538
4450 4450|3425 3425
4451 4451|3425 3425
4452 4452|4395 4395
4453 4453|4395 4395
4454 4454|138 138
4455 4455|4600 4600
4456 4456|1494 1494
4457 4457|3882 3882
4458 4458|1525 1525
4459 4459|2002 2002
4460 4460|876 876
4461 4461|4600 4600
4462 4462|2055 2055
4463 4463|1735 1735
4464 4464|1494 1494
4465 4465|1525 1525
4466 4466|1525 1525
4467 4467|3425 3425
4468 4468|1384 1384
4469 4469|2002 2002
4470 4470|3693 3693
4471 4471|2916 2916
4472 4472|1384 1384
4473 4473|4395 4395
4474 4474|4395 4395
4475 4475|4395 4395
4476 4476|1735 1735
4477 4477|1525 1525
4478 4478|3693 3693
4479 4479|138 138
4480 4480|2002 2002
4481 4481|175 175
4482 4482|1494 1494
4483 4483|1525 1525
4484 4484|1494 1494
4485 4485|4600 4600
4486 4486|175 175
4487 4487|1494 1494
4488 4488|175 175
4489 4489|1525 1525
4490 4490|2055 2055
4491 4491|1525 1525
4492 4492|4600 4600
4493 4493|3538 3538
4494 4494|138 138
4495 4495|2605 2605
4496 4496|876 876
4497
4498 4498|1735 1735
4499 4499|3882 3882
4500 4500|4395 4395
4501 4501|4395 4395
4502 4502|1525 1525
4503 4503|2002 2002
4504 4504|3693 3693
4505 4505|1494 1494
4506 4506|1525 1525
4507 4507|4600 4600
4508 4508|2055 2055
4509 4509|1525 1525
4510 4510|2916 2916
4511 4511|3882 3882
4512 4512|876 876
4513 4513|2002 2002
4514 4514|3538 3538
4515 4515|3538 3538
4516 4516|1494 1494
4517 4517|1384 1384
4518 4518|138 138
4519 4519|1735 1735
4520 4520|4600 4600
4521 4521|4600 4600
4522 4522|3693 3693
4523 4523|1494 1494
4524 4524|1384 1384
4525 4525|1525 1525
4526 4526|4395 4395
4527 4527|175 175
4528 4528|4702 4702
4529 4529|4600 4600
4530 4530|1384 1384
4531 4531|876 876
4532 4532|4395 4395
4533 4533|1494 1494
4534 4534|4702 4702
4535 4535|138 138
4536 4536|3693 3693
4537 4537|4600 4600
4538 4538|3693 3693
4539 4539|3425 3425
4540 4540|175 175
4541 4541|4600 4600
4542 4542|3693 3693
4543 4543|2002 2002
4544 4544|4395 4395
4545 4545|3538 3538
4546 4546|3425 3425
4547 4547|1384 1384
4548 4548|3693 3693
4549 4549|1494 1494
4550 4550|2055 2055
4551 4551|4395 4395
4552 4552|2002 2002
4553 4553|876 876
4554 4554|2605 2605
4555 4555|4702 4702
4556 4556|3693 3693
4557 4557|2055 2055
4558 4558|1735 1735
4559 4559|138 138
4560 4560|138 138
4561
4562 4562|4600 4600
4563 4563|1384 1384
4564 4564|4600 4600
4565 4565|138 138
4566 4566|3538 3538
4567 4567|1735 1735
4568 4568|2916 2916
4569 4569|3693 3693
4570 4570|3425 3425
4571 4571|1384 1384
4572 4572|1494 1494
4573
4574 4574|3693 3693
4575 4575|2055 2055
4576 4576|2055 2055
4577 4577|4702 4702
4578 4578|3693 3693
4579 4579|3425 3425
4580 4580|2055 2055
4581 4581|3538 3538
4582 4582|1735 1735
4583 4583|3693 3693
4584 4584|4702 4702
4585 4585|4702 4702
4586 4586|4395 4395
4587 4587|1525 1525
4588 4588|3425 3425
4589 4589|4702 4702
4590 4590|4702 4702
4591 4591|4395 4395
4592 4592|2055 2055
4593 4593|2605 2605
4594 4594|3425 3425
4595 4595|3538 3538
4596 4596|1494 1494
4597 4597|1384 1384
4598 4598|2002 2002
4599 4599|3882 3882
4600
4601 4601|1525 1525
4602 4602|1384 1384
4603 4603|1735 1735
4604 4604|4600 4600
4605 4605|3538 3538
4606 4606|2916 2916
4607 4607|4702 4702
4608 4608|175 175
4609 4609|1525 1525
4610 4610|3538 3538
4611 4611|138 138
4612
4613 4613|876 876
4614 4614|1494 1494
4615 4615|4395 4395
4616 4616|3693 3693
4617 4617|876 876
4618 4618|876 876
4619 4619|2055 2055
4620 4620|2002 2002
4621 4621|3425 3425
4622 4622|876 876
4623 4623|175 175
4624 4624|3538 3538
4625 4625|3538 3538
4626 4626|4600 4600
4627 4627|2605 2605
4628 4628|175 175
4629 4629|1525 1525
4630 4630|4395 4395
4631 4631|3882 3882
4632 4632|138 138
4633 4633|1735 1735
4634 4634|4600 4600
4635 4635|2605 2605
4636 4636|1735 1735
4637 4637|175 175
4638 4638|4600 4600
4639 4639|4600 4600
4640 4640|2002 2002
4641 4641|1525 1525
4642 4642|175 175
4643 4643|3425 3425
4644 4644|2002 2002
4645 4645|138 138
4646 4646|1525 1525
4647 4647|876 876
4648 4648|2055 2055
4649 4649|3538 3538
4650 4650|3425 3425
4651 4651|3538 3538
4652 4652|3538 3538
4653 4653|1735 1735
4654 4654|4600 4600
4655 4655|138 138
4656 4656|876 876
4657 4657|876 876
4658 4658|4702 4702
4659 4659|2605 2605
4660 4660|4702 4702
4661 4661|3425 3425
4662 4662|3425 3425
4663 4663|2055 2055
4664 4664|2002 2002
4665 4665|1735 1735
4666 4666|3882 3882
4667 4667|3538 3538
4668 4668|138 138
4669 4669|2055 2055
4670 4670|1525 1525
4671 4671|3693 3693
4672 4672|4600 4600
4673 4673|1384 1384
4674 4674|4702 4702
4675 4675|876 876
4676 4676|4600 4600
4677 4677|2605 2605
4678 4678|2916 2916
4679 4679|1384 1384
4680 4680|4600 4600
4681 4681|2055 2055
4682 4682|4702 4702
4683 4683|2055 2055
4684 4684|3882 3882
4685 4685|3538 3538
4686 4686|4395 4395
4687 4687|2002 2002
4688 4688|2916 2916
4689 4689|3882 3882
4690 4690|3882 3882
4691 4691|138 138
4692 4692|4395 4395
4693 4693|1384 1384
4694 4694|2055 2055
4695 4695|876 876
4696 4696|3538 3538
4697 4697|2002 2002
4698 4698|2002 2002
4699 4699|2916 2916
4700 4700|3693 3693
4701 4701|3425 3425
4702
4703 4703|4600 4600
4704 4704|4702 4702
4705 4705|138 138
4706 4706|2055 2055
4707 4707|2002 2002
4708 4708|2605 2605
4709 4709|876 876
4710 4710|3538 3538
4711 4711|2916 2916
4712 4712|876 876
4713 4713|4702 4702
4714 4714|1525 1525
4715 4715|4395 4395
4716 4716|2916 2916
4717 4717|3425 3425
4718 4718|1735 1735
4719 4719|2055 2055
4720 4720|1525 1525
4721 4721|1735 1735
4722 4722|4395 4395
4723 4723|1735 1735
4724 4724|2002 2002
4725 4725|2002 2002
4726 4726|2055 2055
4727 4727|1735 1735
4728 4728|2002 2002
4729 4729|1735 1735
4730 4730|2002 2002
4731 4731|3425 3425
4732 4732|1494 1494
4733 4733|1384 1384
4734 4734|1384 1384
4735 4735|876 876
4736 4736|4395 4395
4737 4737|138 138
4738 4738|4702 4702
4739 4739|175 175
4740 4740|4395 4395
4741 4741|3425 3425
4742 4742|2916 2916
4743 4743|4395 4395
4744 4744|2055 2055
4745 4745|4395 4395
4746 4746|1525 1525
4747 4747|4600 4600
4748 4748|2055 2055
4749 4749|3538 3538
4750 4750|2002 2002
4751 4751|1494 1494
4752 4752|175 175
4753 4753|4600 4600
4754 4754|3693 3693
4755 4755|4395 4395
4756 4756|4702 4702
4757 4757|175 175
4758 4758|4600 4600
4759 4759|3425 3425
4760 4760|3538 3538
4761 4761|1525 1525
4762 4762|3882 3882
4763 4763|1384 1384
4764 4764|4600 4600
4765 4765|3882 3882
4766 4766|2916 2916
4767 4767|138 138
4768 4768|138 138
4769 4769|1735 1735
4770 4770|3538 3538
4771 4771|1384 1384
4772 4772|2916 2916
4773 4773|3425 3425
4774 4774|2055 2055
4775 4775|1525 1525
4776 4776|4702 4702
4777 4777|2055 2055
4778 4778|2002 2002
4779 4779|2055 2055
4780 4780|4395 4395
4781 4781|2916 2916
4782 4782|3425 3425
4783 4783|1525 1525
4784 4784|4395 4395
4785 4785|3693 3693
4786 4786|1735 1735
4787 4787|3693 3693
4788 4788|3425 3425
4789 4789|3425 3425
4790
4791 4791|3538 3538
4792 4792|2055 2055
4793 4793|3882 3882
4794 4794|1525 1525
4795 4795|1494 1494
4796 4796|2002 2002
4797 4797|1384 1384
4798 4798|2055 2055
4799 4799|2002 2002
4800 4800|4702 4702
4801 4801|3693 3693
4802 4802|3538 3538
4803 4803|1735 1735
4804 4804|1494 1494
4805 4805|1494 1494
4806 4806|4395 4395
4807 4807|138 138
4808 4808|1525 1525
4809 4809|3693 3693
4810 4810|4395 4395
4811 4811|1494 1494
4812 4812|4600 4600
4813 4813|4702 4702
4814 4814|2916 2916
4815 4815|4395 4395
4816 4816|2605 2605
4817 4817|2055 2055
4818 4818|4702 4702
4819 4819|175 175
4820 4820|3538 3538
4821 4821|1384 1384
4822 4822|1525 1525
4823 4823|175 175
4824 4824|1735 1735
4825 4825|2055 2055
4826 4826|4395 4395
4827 4827|1384 1384
4828 4828|3882 3882
4829 4829|2916 2916
4830 4830|2055 2055
4831 4831|3425 3425
4832 4832|3425 3425
4833 4833|4702 4702
4834 4834|4702 4702
4835 4835|2055 2055
4836 4836|3425 3425
4837 4837|138 138
4838 4838|3693 3693
4839 4839|1384 1384
4840 4840|3425 3425
4841 4841|1735 1735
4842 4842|4702 4702
4843 4843|1525 1525
4844 4844|2605 2605
4845 4845|3425 3425
4846 4846|2916 2916
4847 4847|4600 4600
4848 4848|4395 4395
4849 4849|3882 3882
4850 4850|876 876
4851 4851|3538 3538
4852 4852|2605 2605
4853 4853|3882 3882
4854 4854|1494 1494
4855 4855|1525 1525
4856 4856|2916 2916
4857 4857|3693 3693
4858 4858|3538 3538
4859 4859|876 876
4860 4860|876 876
4861 4861|1525 1525
4862 4862|2916 2916
4863 4863|2002 2002
4864 4864|2916 2916
4865 4865|2916 2916
4866 4866|2605 2605
4867 4867|2055 2055
4868 4868|3538 3538
4869 4869|2055 2055
4870 4870|3882 3882
4871 4871|3425 3425
4872 4872|4600 4600
4873 4873|3882 3882
4874 4874|3693 3693
4875 4875|1525 1525
4876 4876|1525 1525
4877 4877|138 138
4878 4878|1494 1494
4879 4879|2002 2002
4880 4880|2055 2055
4881 4881|876 876
4882 4882|1735 1735
4883 4883|1525 1525
4884 4884|3538 3538
4885 4885|1384 1384
4886 4886|1384 1384
4887 4887|876 876
4888 4888|4395 4395
4889 4889|4702 4702
4890 4890|175 175
4891 4891|138 138
4892 4892|3538 3538
4893 4893|4600 4600
4894 4894|876 876
4895 4895|1384 1384
4896 4896|2055 2055
4897 4897|1494 1494
4898 4898|876 876
4899 4899|3538 3538
4900 4900|2605 2605
4901 4901|2002 2002
4902 4902|2002 2002
4903 4903|2605 2605
4904 4904|3882 3882
4905 4905|1494 1494
4906 4906|1494 1494
4907 4907|4600 4600
4908 4908|1525 1525
4909 4909|138 138
4910 4910|175 175
4911 4911|3425 3425
4912 4912|2916 2916
4913 4913|4395 4395
4914 4914|3882 3882
4915 4915|4702 4702
4916 4916|2055 2055
4917 4917|4702 4702
4918 4918|3882 3882
4919 4919|1494 1494
4920 4920|4702 4702
4921 4921|1525 1525
4922 4922|3882 3882
4923 4923|3693 3693
4924 4924|4600 4600
4925 4925|4702 4702
4926 4926|2605 2605
4927 4927|3425 3425
4928 4928|4395 4395
4929 4929|4702 4702
4930 4930|2002 2002
4931 4931|876 876
4932 4932|3882 3882
4933 4933|2605 2605
4934 4934|3425 3425
4935 4935|3693 3693
4936 4936|2055 2055
4937 4937|1494 1494
4938 4938|2605 2605
4939 4939|138 138
4940 4940|138 138
4941 4941|4600 4600
4942 4942|1494 1494
4943 4943|3425 3425
4944 4944|2605 2605
4945 4945|4395 4395
4946 4946|4702 4702
4947 4947|138 138
4948 4948|4395 4395
4949 4949|4395 4395
4950 4950|2605 2605
4951 4951|138 138
4952 4952|3693 3693
4953 4953|2605 2605
4954 4954|2002 2002
4955 4955|138 138
4956 4956|4702 4702
4957 4957|3425 3425
4958 4958|1735 1735
4959 4959|3693 3693
4960 4960|4702 4702
4961 4961|3693 3693
4962 4962|3538 3538
4963 4963|2002 2002
4964 4964|1525 1525
4965 4965|3538 3538
4966 4966|3538 3538
4967 4967|2002 2002
4968 4968|2055 2055
4969 4969|876 876
4970 4970|3693 3693
4971 4971|2002 2002
4972 4972|4600 4600
4973 4973|2055 2055
4974 4974|2605 2605
4975 4975|4702 4702
4976 4976|2055 2055
4977 4977|3693 3693
4978 4978|1735 1735
4979 4979|876 876
4980 4980|1525 1525
4981 4981|1494 1494
4982 4982|2605 2605
4983 4983|1384 1384
4984 4984|3882 3882
4985 4985|3882 3882
4986 4986|2055 2055
4987 4987|4395 4395
4988
4989 4989|1735 1735
4990 4990|2916 2916
4991 4991|138 138
4992 4992|1494 1494
4993 4993|175 175
4994 4994|4702 4702
4995 4995|138 138
4996 4996|1525 1525
4997 4997|1384 1384
4998 4998|2605 2605
4999 4999|2055 2055
5000 5000|1494 1494
5001 5001|3882 3882
5002 5002|138 138
5003 5003|2002 2002
5004 5004|876 876
5005 5005|1494 1494
5006 5006|138 138
5007 5007|4395 4395
5008 5008|1735 1735
5009 5009|2916 2916
5010 5010|3693 3693
5011 5011|2605 2605
5012 5012|4395 4395
5013 5013|3425 3425
5014 5014|3882 3882
5015 5015|175 175
5016 5016|2916 2916
5017 5017|876 876
5018 5018|1494 1494
5019 5019|175 175
5020 5020|2055 2055
5021 5021|3538 3538
5022 5022|876 876
5023 5023|4702 4702
5024 5024|4395 4395
5025 5025|1525 1525
5026 5026|1735 1735
5027 5027|2055 2055
5028
5029 5029|3538 3538
5030 5030|138 138
5031 5031|1384 1384
5032 5032|2002 2002
5033 5033|3538 3538
5034 5034|3882 3882
5035 5035|2002 2002
5036 5036|175 175
5037 5037|1735 1735
5038 5038|3882 3882
5039 5039|1384 1384
5040 5040|4600 4600
5041 5041|1735 1735
5042 5042|4395 4395
5043 5043|3538 3538
5044
5045 5045|2605 2605
5046 5046|2916 2916
5047 5047|1525 1525
5048 5048|175 175
5049 5049|4702 4702
5050 5050|4600 4600
5051 5051|1384 1384
5052 5052|2055 2055
5053 5053|4395 4395
5054 5054|2605 2605
5055 5055|1735 1735
5056 5056|3425 3425
5057 5057|175 175
5058 5058|1735 1735
5059 5059|1384 1384
5060 5060|2002 2002
5061 5061|3693 3693
5062 5062|2916 2916
5063 5063|138 138
5064 5064|1525 1525
5065 5065|2055 2055
5066 5066|1384 1384
5067 5067|3538 3538
5068 5068|2002 2002
5069 5069|138 138
5070 5070|175 175
5071 5071|4395 4395
5072 5072|1494 1494
5073 5073|3425 3425
5074 5074|876 876
5075 5075|2002 2002
5076 5076|1525 1525
5077 5077|4395 4395
5078 5078|876 876
5079 5079|2916 2916
5080 5080|175 175
5081 5081|175 175
5082 5082|3425 3425
5083 5083|1494 1494
5084 5084|4702 4702
5085 5085|1384 1384
5086 5086|1494 1494
5087 5087|4395 4395
5088 5088|2002 2002
5089 5089|2916 2916
5090 5090|4702 4702
5091 5091|3425 3425
5092 5092|3882 3882
5093 5093|1735 1735
5094 5094|138 138
5095 5095|3538 3538
5096 5096|3425 3425
5097 5097|1494 1494
5098 5098|2055 2055
5099 5099|175 175
5100 5100|4395 4395
5101 5101|3882 3882
5102 5102|4702 4702
5103 5103|2605 2605
5104 5104|4702 4702
5105 5105|4395 4395
5106 5106|1735 1735
5107 5107|1525 1525
5108 5108|4702 4702
5109 5109|3425 3425
5110 5110|2916 2916
5111 5111|3882 3882
5112 5112|2055 2055
5113 5113|4702 4702
5114 5114|1525 1525
5115 5115|876 876
5116 5116|4600 4600
5117 5117|1494 1494
5118 5118|3882 3882
5119 5119|2605 2605
5120 5120|2055 2055
5121 5121|4702 4702
5122 5122|3425 3425
5123 5123|3882 3882
5124 5124|138 138
5125 5125|4600 4600
5126
5127 5127|3538 3538
5128 5128|1525 1525
5129 5129|138 138
5130 5130|3425 3425
5131 5131|2002 2002
5132 5132|2916 2916
5133 5133|876 876
5134 5134|4702 4702
5135 5135|3538 3538
5136 5136|1735 1735
5137
5138 5138|4600 4600
5139 5139|4395 4395
5140 5140|4702 4702
5141 5141|1494 1494
5142 5142|2605 2605
5143 5143|2916 2916
5144 5144|3693 3693
5145 5145|2916 2916
5146 5146|1384 1384
5147 5147|1384 1384
5148 5148|4600 4600
5149 5149|876 876
5150 5150|175 175
5151 5151|1494 1494
5152 5152|1525 1525
5153 5153|175 175
5154 5154|1735 1735
5155 5155|1384 1384
5156 5156|4395 4395
5157 5157|1735 1735
5158 5158|1384 1384
5159 5159|175 175
5160 5160|3538 3538
5161 5161|4395 4395
5162 5162|4600 4600
5163 5163|2055 2055
5164 5164|175 175
5165 5165|3425 3425
5166 5166|2002 2002
5167 5167|876 876
5168 5168|138 138
5169 5169|1735 1735
5170 5170|4395 4395
5171
5172 5172|876 876
5173 5173|3882 3882
5174 5174|175 175
5175 5175|3425 3425
5176 5176|4702 4702
5177 5177|3693 3693
5178 5178|3425 3425
5179 5179|175 175
5180 5180|2055 2055
5181 5181|4600 4600
5182 5182|175 175
5183 5183|876 876
5184 5184|2605 2605
5185 5185|876 876
5186 5186|1735 1735
5187 5187|4600 4600
5188 5188|1384 1384
5189 5189|1384 1384
5190 5190|2002 2002
5191 5191|4702 4702
5192 5192|3538 3538
5193 5193|1735 1735
5194 5194|1735 1735
5195 5195|4600 4600
5196 5196|2002 2002
5197 5197|1525 1525
5198 5198|4702 4702
5199 5199|4702 4702
5200 5200|3693 3693
5201 5201|1384 1384
5202 5202|3425 3425
5203 5203|3882 3882
5204 5204|3693 3693
5205 5205|1384 1384
5206 5206|1525 1525
5207 5207|1525 1525
5208 5208|4702 4702
5209 5209|3538 3538
5210 5210|4600 4600
5211 5211|2916 2916
5212 5212|1525 1525
5213 5213|4702 4702
5214 5214|3882 3882
5215 5215|3425 3425
5216 5216|2916 2916
5217 5217|4702 4702
5218 5218|2916 2916
5219 5219|3425 3425
5220 5220|3693 3693
5221 5221|3693 3693
5222 5222|2916 2916
5223 5223|2002 2002
5224 5224|4702 4702
5225 5225|1735 1735
5226 5226|3538 3538
5227 5227|4702 4702
5228 5228|2055 2055
5229 5229|3425 3425
5230 5230|3882 3882
5231 5231|3882 3882
5232 5232|3538 3538
5233 5233|138 138
5234 5234|175 175
5235 5235|2605 2605
5236 5236|138 138
